[31m@2026-09-28 16:20:41.724805047 -> algosee Copyright (C) 2026  MrHunor, siryanni (as equals)
This program comes with ABSOLUTELY NO WARRANTY; for details visit:'https://www.gnu.org/licenses/gpl-3.0.en.html'.
This is free software, and you are welcome to redistribute it
under certain conditions; visit 'https://www.gnu.org/licenses/gpl-3.0.en.html' for details.
[0m
[35m@2026-09-28 16:20:41.724836927 -> Starting...[0m
[35m@2026-09-28 16:20:41.724851047 -> VERSION:0.800000[0m
[35m@2026-09-28 16:20:41.724877137 -> Listining on:0.0.0.0:8080[0m
[35m@2026-09-28 16:20:41.728982622 -> Recived Request:
ClientIP:127.0.0.1
Target:/sortalgo?algo=selection
Body:{"values":[19,20,12,1,18,6,14,17,7,11,3,8,4,9,13,5,10,16,2,15]}[0m
[35m@2026-09-28 16:20:41.728999411 -> Parasing values....[0m
[35m@2026-09-28 16:20:41.729016111 -> Finished.[0m
[35m@2026-09-28 16:20:41.729022241 -> Parsed algo:selection[0m
[35m@2026-09-28 16:20:41.729027551 -> Starting time mesurement...[0m
[35m@2026-09-28 16:20:41.729036801 -> Ended Time mesurement.[0m
[35m@2026-09-28 16:20:41.729047551 -> Sending response...[0m
[35m@2026-09-28 16:20:41.753816971 -> Recived Request:
ClientIP:127.0.0.1
Target:/sortalgo?algo=selection
Body:{"values":[406,5,979,551,740,24,390,282,733,899,981,20,263,613,467,694,323,878,557,651,854,308,50,718,707,898,711,267,636,726,7,322,506,721,285,686,38,591,438,957,530,553,529,910,472,332,18,432,304,200,462,401,1,318,592,417,838,435,464,539,314,239,44,504,655,30,486,496,813,32,619,331,482,40,657,602,342,336,265,430,548,778,13,595,524,145,946,544,378,955,987,887,377,627,193,51,281,195,233,62,180,139,929,589,632,253,384,146,510,356,747,48,919,994,70,60,448,533,295,59,412,424,436,675,846,781,16,152,317,784,585,286,782,235,361,400,289,128,604,513,993,6,197,231,388,55,996,127,911,4,302,534,847,82,158,805,967,404,861,394,309,344,746,519,673,271,326,697,316,578,927,349,582,117,620,495,255,560,905,637,118,599,293,104,909,364,47,381,777,722,562,211,765,872,829,915,701,493,728,597,339,538,187,773,877,489,439,810,243,288,896,598,398,953,258,476,566,771,806,525,392,421,528,682,743,175,596,76,870,413,811,865,311,630,359,54,716,612,660,845,719,229,457,409,750,549,584,42,667,808,852,389,737,647,692,88,856,590,922,881,943,150,299,837,238,563,28,218,199,81,828,710,982,502,131,383,461,934,917,465,508,64,210,893,306,144,975,580,687,625,86,862,124,787,345,232,904,248,354,842,776,277,379,894,410,649,242,963,156,478,831,213,835,926,385,891,125,766,789,57,603,366,762,246,134,66,312,120,341,785,677,198,823,327,859,174,325,644,12,579,729,176,167,201,552,868,163,333,561,515,89,962,254,715,761,287,542,208,583,21,63,343,577,832,157,397,399,11,871,256,540,480,35,370,371,713,791,942,466,696,570,454,485,576,850,698,772,313,547,382,944,403,863,240,912,978,391,31,653,301,43,408,693,690,245,851,935,234,827,113,419,418,949,998,964,15,261,459,799,739,705,575,352,129,664,251,611,203,969,523,908,588,650,355,257,730,688,450,184,469,867,78,532,914,683,305,143,646,278,767,429,709,639,428,884,621,703,751,294,712,346,452,475,879,266,290,770,227,230,80,68,869,330,702,209,853,490,807,626,679,73,662,503,606,491,191,568,351,656,33,723,895,815,442,79,833,463,925,223,115,564,162,433,543,22,228,324,274,565,768,950,497,106,272,866,443,338,800,536,941,297,237,182,780,214,221,107,268,826,966,26,329,481,741,849,177,69,608,91,275,222,876,321,368,916,132,617,821,864,554,36,215,217,185,958,587,407,376,593,183,58,522,172,678,375,207,498,607,744,820,798,189,631,411,262,109,824,46,405,907,786,369,951,395,204,169,276,738,511,426,108,970,641,556,645,801,572,225,241,319,264,45,754,843,492,270,34,541,699,802,671,760,816,427,347,901,159,586,130,545,736,103,717,358,250,188,995,164,618,516,681,170,652,17,133,931,334,984,834,372,2,581,190,178,165,643,974,661,300,684,247,731,792,888,906,488,8,494,291,296,550,186,328,945,121,279,555,670,558,971,431,990,600,818,434,360,479,930,374,727,19,236,269,797,181,614,900,96,455,77,809,635,527,633,676,425,380,456,85,72,874,938,700,965,75,814,102,71,147,505,913,889,111,487,280,56,148,775,415,624,708,933,153,110,507,98,303,142,90,387,173,441,860,752,202,937,706,39,960,961,335,92,535,470,642,764,858,447,959,155,518,654,171,663,283,735,350,37,689,948,168,720,224,569,440,559,753,205,437,840,484,748,65,244,61,446,724,615,501,594,14,284,95,94,976,658,757,216,848,695,674,194,605,902,160,819,97,973,212,149,249,812,192,763,526,100,363,402,704,844,67,573,453,353,83,27,788,273,196,947,890,135,997,105,774,725,460,841,126,609,140,123,758,732,634,672,10,9,685,25,883,903,41,166,830,1000,759,337,825,745,769,628,610,983,3,260,714,989,734,991,988,793,444,512,665,622,640,93,396,161,779,956,298,52,499,977,790,87,219,924,99,857,362,921,999,756,932,623,468,226,742,918,855,668,119,680,367,473,520,992,980,882,822,74,923,629,179,373,749,220,839,804,517,691,320,206,875,659,880,151,648,259,292,138,471,531,416,154,423,952,500,616,84,422,252,509,29,393,116,546,23,601,783,796,137,49,954,420,666,795,514,968,477,357,386,803,972,449,136,571,310,920,638,885,445,537,315,574,836,122,794,936,521,940,458,886,365,567,986,101,892,114,897,928,451,474,985,414,817,348,755,53,141,669,112,483,307,340,873,939]}[0m
[35m@2026-09-28 16:20:41.753862830 -> Parasing values....[0m
[35m@2026-09-28 16:20:41.753922280 -> Finished.[0m
[35m@2026-09-28 16:20:41.753928500 -> Parsed algo:selection[0m
[35m@2026-09-28 16:20:41.753933570 -> Starting time mesurement...[0m
[35m@2026-09-28 16:20:41.754217469 -> Ended Time mesurement.[0m
[35m@2026-09-28 16:20:41.754304299 -> Sending response...[0m
[35m@2026-09-28 16:20:41.786557890 -> Recived Request:
ClientIP:127.0.0.1
Target:/sortalgo?algo=bubble
Body:{"values":[13,15,2,5,11,1,9,16,12,4,18,19,14,6,8,20,3,7,17,10]}[0m
[35m@2026-09-28 16:20:41.786576620 -> Parasing values....[0m
[35m@2026-09-28 16:20:41.786585990 -> Finished.[0m
[35m@2026-09-28 16:20:41.786591140 -> Parsed algo:bubble[0m
[35m@2026-09-28 16:20:41.786596200 -> Starting time mesurement...[0m
[35m@2026-09-28 16:20:41.786609200 -> Ended Time mesurement.[0m
[35m@2026-09-28 16:20:41.786619770 -> Sending response...[0m
[35m@2026-09-28 16:20:41.794386192 -> Recived Request:
ClientIP:127.0.0.1
Target:/sortalgo?algo=bubble
Body:{"values":[33,27,74,24,11,40,48,43,68,31,32,13,77,97,86,6,9,7,87,84,39,8,54,22,75,93,92,37,44,89,98,23,99,45,58,14,72,85,47,4,83,94,70,46,53,81,69,17,82,19,15,12,65,88,30,36,71,61,76,1,26,66,100,91,5,35,55,60,41,16,79,52,63,96,51,59,20,67,73,80,64,57,42,10,50,34,56,95,18,28,78,29,38,25,49,90,21,3,2,62]}[0m
[35m@2026-09-28 16:20:41.794405361 -> Parasing values....[0m
[35m@2026-09-28 16:20:41.794420961 -> Finished.[0m
[35m@2026-09-28 16:20:41.794426381 -> Parsed algo:bubble[0m
[35m@2026-09-28 16:20:41.794431651 -> Starting time mesurement...[0m
[35m@2026-09-28 16:20:41.794640621 -> Ended Time mesurement.[0m
[35m@2026-09-28 16:20:41.794731430 -> Sending response...[0m
[35m@2026-09-28 16:20:42.597088106 -> Recived Request:
ClientIP:127.0.0.1
Target:/sortalgo?algo=bubble
Body:{"values":[1569,558,1417,1512,2426,2151,12,1191,1305,1506,2370,197,518,604,923,1734,1203,95,1497,489,1453,635,88,988,1948,2429,1310,1147,179,1925,164,924,184,4,2428,1168,961,2088,2299,1094,2007,38,864,2159,2001,616,1580,233,2234,1340,14,1904,2319,1682,693,2175,1316,2334,1442,637,1766,2277,664,972,136,1829,1576,1132,787,1158,1632,653,962,1062,560,1633,968,283,1614,2244,2377,2070,1287,1692,2026,159,181,2412,1152,1877,484,1791,2272,2390,1128,1333,1616,1143,1556,559,1,2256,744,2024,60,448,397,1050,550,144,2374,1846,1611,1523,668,536,482,1368,993,1078,1211,512,1880,2380,2237,786,1744,146,985,260,1554,391,721,620,953,541,1853,570,1629,702,2146,904,1533,457,2030,441,1326,242,625,2127,1408,2155,1378,1234,1561,236,1312,2293,1222,715,1113,2276,2233,216,1516,2317,1489,1070,941,713,1457,452,606,2366,1565,2212,692,2289,914,1038,727,871,992,2372,870,1890,1531,1709,1199,82,709,2386,2136,1640,1912,1856,582,1808,156,2210,1921,1585,789,2034,343,1964,1359,1673,572,1126,336,1225,415,317,2075,89,2130,1228,918,1447,2265,1086,109,1778,288,630,1654,1981,608,1207,430,1466,2238,1195,574,833,1553,1837,1604,1034,225,138,2189,400,1879,859,996,885,2464,178,1678,1325,2261,844,1680,262,2472,741,1280,2016,793,1898,245,920,286,313,1052,818,101,113,1774,1492,1544,615,300,1024,1420,1451,2315,645,1396,665,810,1309,1146,2236,981,1474,373,2000,1872,1173,325,725,1878,1634,1202,188,2216,2340,691,1712,1599,344,549,2198,602,1572,385,2328,72,2288,1502,969,215,380,563,2211,1400,2032,1328,2471,1756,1393,1741,390,1824,139,1834,784,2398,2257,92,539,1376,65,1076,2110,1205,1894,1685,461,1370,2356,1897,553,2117,552,2446,735,2077,357,1762,1013,1772,2255,1213,2301,505,160,269,469,1669,431,1795,2049,2495,2079,244,949,627,478,1125,10,2048,1657,1806,2178,307,531,1245,656,468,931,1351,427,1729,673,2187,762,1375,1601,1122,1048,2094,2438,200,163,2023,964,788,2036,733,1495,292,1275,1917,407,99,337,1896,902,2448,2278,1621,153,453,314,43,40,2161,16,389,1799,2497,305,2028,1192,2457,61,2498,1828,2297,1311,2113,1994,1608,695,423,1255,739,202,1769,1348,2360,2143,1802,2156,1752,1494,1480,1361,1566,122,1767,1584,827,856,1587,1395,190,831,2167,2310,1093,1479,2229,2021,1652,927,2153,2222,782,5,1945,1257,1397,1751,108,825,628,55,335,2067,1677,2082,684,2080,408,1418,1047,454,655,922,1486,682,1990,2012,1179,1419,2078,843,2485,1176,1233,152,1175,1745,474,1051,285,2106,2226,2215,680,2413,2196,421,1410,942,2170,1279,167,2384,1321,900,2105,612,960,681,2273,2199,1456,1997,1121,1881,1781,1201,52,772,53,990,57,1467,166,726,134,1041,2035,1464,18,2275,2291,1371,1302,910,617,56,1623,1341,2350,1972,967,805,1019,1092,171,2182,2206,1002,232,1820,1873,277,840,867,758,1009,1484,1987,81,686,218,761,68,207,2347,1079,94,890,1422,1836,1861,2138,1111,1560,2137,396,133,565,610,1831,1073,2095,1363,2345,404,1012,2378,526,903,916,340,1100,205,568,1350,1507,1746,1107,471,640,1610,1319,2063,2306,1679,1509,2076,812,829,529,1932,1487,1849,1072,2111,1352,1991,2489,1775,1646,312,1903,773,435,1575,114,2003,1694,2357,854,751,502,657,352,847,1345,1793,1308,694,530,1605,644,1000,1498,555,510,2125,2434,2064,2120,1594,103,911,1334,1166,2399,973,710,1242,1784,91,378,1532,1288,1135,1582,740,439,9,1843,125,1488,1392,310,1665,1046,472,2346,1349,646,221,480,1163,816,193,2251,338,1023,105,353,1112,2157,618,1666,1035,1114,237,1006,2262,976,2336,2176,496,2394,2083,1398,1216,341,2365,1409,13,1953,1730,1736,381,1120,1924,1916,1428,339,1855,1167,754,1731,868,130,20,678,2205,1874,1335,1934,2419,1998,1226,2123,1238,2427,2307,450,196,2230,1415,759,1315,699,206,1200,1040,1951,1618,1978,1156,58,1297,1725,1256,1323,32,1475,641,1651,2330,1083,1513,970,367,737,778,1803,2305,287,228,1223,2241,301,1883,1557,1628,774,1118,1674,266,1985,2444,2090,1087,479,632,1975,492,2142,436,348,135,1947,2367,2463,1537,356,252,111,769,714,123,933,2098,633,1913,846,2462,100,1262,318,994,1928,1660,1607,1946,648,1059,747,2300,1892,1358,750,1065,1212,1155,1662,1286,598,219,934,1988,2335,2286,2185,302,220,2246,588,1919,1389,2271,2447,1543,2455,1292,2415,73,1857,126,1956,1658,2324,651,112,2124,594,115,1631,1263,1520,1130,2436,31,501,39,595,2128,752,952,364,1029,1609,1668,1976,2363,231,677,1149,1053,622,1145,382,1965,2259,1535,1074,1180,86,76,1131,757,1817,690,1133,1813,2158,379,887,320,718,2181,25,936,1770,670,409,366,1430,746,2043,1177,1826,2458,2323,795,950,199,1407,1098,119,121,2285,2247,1689,1687,328,323,688,1526,1421,930,1241,1954,2421,557,1552,790,1938,1033,974,834,258,85,327,2407,596,891,1080,851,1589,980,2165,1788,102,975,2385,1313,2416,2097,2145,1518,2052,1030,1765,2018,291,490,1830,1331,775,256,2102,2172,2100,1008,1974,1785,324,663,451,2184,83,349,1136,650,406,1273,507,1170,1586,170,1754,2452,877,2402,580,2441,2114,866,2179,1224,1448,2020,1499,1306,1004,2135,639,884,2268,2044,821,1865,2456,2160,1134,1797,660,755,1603,1950,1718,1923,954,1699,309,217,2258,2164,2231,928,1672,879,2395,797,1036,1022,2174,331,2148,963,1381,2062,2469,1032,66,2355,1615,2468,1435,605,1248,375,1648,925,2220,26,1391,862,48,75,796,1469,330,2149,2477,2479,425,7,498,1858,279,3,2294,1148,326,1462,676,473,548,481,2139,30,634,1423,2396,1568,1696,1172,1697,264,1743,2423,946,722,2245,1045,1884,2474,1887,671,1003,118,2059,1698,2473,998,1747,2228,1926,2129,1017,2221,2321,2103,1068,1515,1021,1708,2071,79,241,1612,509,798,528,1683,2281,1536,8,36,363,1483,1641,1153,1446,780,888,643,577,417,248,2304,246,1295,1714,948,2190,354,1777,1779,2445,861,743,1458,2280,838,2264,2005,1317,2134,117,1789,168,238,1010,1555,2086,1825,569,1261,127,1530,863,1470,1016,654,1259,1005,1910,951,1888,1675,295,901,2329,1209,704,703,41,276,1941,591,1181,532,1937,1882,494,1522,2140,1438,2235,2400,22,1394,272,1063,1208,614,2287,2,1027,2499,2214,1942,2144,2496,1327,2029,849,809,2194,824,1169,1540,899,249,35,1562,1542,543,1137,1581,1015,488,1289,198,1384,17,1707,742,1980,1127,652,475,1174,332,1809,2364,2381,2152,1839,362,853,2121,1595,1227,562,2331,513,2490,1545,1028,2019,1439,1936,984,2353,603,1600,2132,355,2089,836,2072,476,1444,1194,915,1574,1711,792,1671,1338,1737,486,1918,1705,1876,142,935,195,999,1189,525,590,705,263,1764,2430,192,2484,1102,1356,815,561,2208,209,567,358,106,399,1649,1859,1284,1895,636,1291,303,2058,96,1403,1700,1060,986,180,811,593,1786,2296,905,169,77,1907,1889,1886,282,1138,1905,2422,917,2371,1285,2115,129,2002,1085,274,823,965,1944,1983,1710,98,1663,1577,517,1995,803,939,1787,717,351,1588,1798,1761,132,2292,908,51,2047,1365,2379,1270,2403,334,1949,1931,1427,24,2409,1193,308,2163,1563,143,1637,1592,1081,1862,2341,689,210,1866,74,1067,2027,826,128,2074,2193,756,865,1452,1758,1388,731,2439,418,1364,701,376,2327,1322,1832,1780,551,929,458,658,1478,937,365,2432,462,906,1970,360,1413,1160,1952,2373,2183,1695,1429,1818,2188,1851,2141,2242,896,383,1527,982,49,1481,1091,1150,1476,416,2312,78,1833,1681,255,2270,1237,2041,749,2066,321,1271,813,940,1721,719,2368,1816,2354,2303,745,1703,298,760,2449,667,433,983,1805,2131,93,1432,785,446,1001,1025,157,1141,2218,958,1670,734,545,253,1524,2442,1075,662,1157,1619,370,487,2411,1801,2240,2451,1204,90,1220,611,1676,1908,881,2022,720,1206,62,384,1318,80,229,508,1298,527,1247,2337,913,319,1399,2050,158,1867,533,2219,1845,771,491,576,1468,443,2359,1077,1088,1097,311,6,2388,1999,2309,419,1304,2404,669,631,1519,1129,869,571,1142,402,1445,2011,1239,243,273,2204,1690,1188,535,624,69,2425,412,966,724,1380,1624,1385,516,1847,1254,1854,1992,388,621,1282,2250,2342,485,1891,1485,2401,2440,1597,700,1755,422,204,275,919,2014,1643,1383,1183,1573,1055,1776,817,1031,1993,1564,2015,878,1748,808,270,2450,1382,2084,2318,1539,2213,698,1057,1320,1804,1961,1164,1760,1960,1511,1210,177,2437,506,2491,1104,1842,392,1144,511,191,1414,1505,21,955,497,483,1161,227,1339,1871,1379,1642,1656,1018,1123,1715,254,222,2227,1716,410,1151,1301,1369,649,1739,791,1084,2410,1661,280,1771,208,2443,250,1722,1724,316,2166,1240,1717,1733,839,2417,1650,1749,852,1667,944,1664,259,2109,147,1337,1510,2282,1840,2266,224,956,1782,1357,1922,2454,306,1579,2209,2493,2290,1007,456,1411,991,1602,1529,2201,350,537,753,333,763,672,50,2486,1416,2009,1249,1054,802,2414,84,947,729,1465,2061,2459,547,1693,1437,342,2073,1750,1727,1274,1957,697,1810,2424,1367,1899,1303,2467,1347,687,460,874,1546,2494,642,1901,1250,638,257,346,1885,1360,1528,359,1984,455,1927,2232,1276,542,426,1493,783,368,1504,2118,203,1835,1014,2081,234,2298,1490,1968,1875,1967,2056,1870,1977,1971,1900,1982,493,1800,278,1154,47,872,393,1630,1454,1541,2202,585,1593,150,289,186,2487,2397,1401,860,1405,979,131,728,1909,1373,892,2092,2253,1293,495,1178,1296,2478,1929,1815,2108,1473,801,2249,1230,1101,1521,882,104,1570,1044,1106,1431,1860,515,1534,1728,1636,987,154,2243,1011,2055,387,534,957,597,2492,1701,943,151,1763,2091,876,1069,1626,1863,1838,708,767,1116,445,2316,1387,2420,2042,1525,281,1042,1821,1915,2431,898,1958,2358,1434,29,794,1559,235,926,707,2338,573,1706,2031,2207,850,1906,894,1066,514,140,2147,2252,1103,765,2112,107,2308,2382,538,1812,2339,2116,1940,1269,201,1686,120,2107,315,2475,2466,1459,499,1314,15,2104,1071,2025,2343,1939,322,1198,2126,503,1501,830,2096,1471,1115,1277,504,267,1807,521,2383,1386,2488,240,470,2087,770,2433,566,437,1822,2332,299,1811,1266,1344,1963,1691,398,223,579,581,1979,226,895,1124,1281,161,1848,1613,1625,1496,1095,1460,185,54,1260,607,1645,447,2284,1713,1362,842,1920,835,2169,1591,1551,1819,268,2387,1108,45,875,2325,2060,428,1252,1353,2263,1449,1159,857,2046,477,804,1221,578,2405,46,1404,1869,592,444,2045,2192,2171,522,464,429,777,2269,1026,214,1196,661,395,377,2101,1759,1704,1792,155,11,1283,1726,848,1294,1966,1355,1346,1864,977,828,438,2168,2150,1969,1064,345,189,1330,1214,623,1374,1440,2065,564,732,2369,712,601,1902,806,1020,1039,1482,2180,2039,293,2040,2348,187,34,1218,1635,1426,1461,194,1827,873,1986,589,1424,1377,822,1598,1105,1182,1037,2173,1342,544,304,880,2248,2186,523,1567,1973,2333,449,800,841,290,1753,2470,1231,2313,2068,2053,2389,1096,329,1244,1049,1571,1390,1190,679,1783,1139,520,1354,124,145,1300,832,2406,2435,2418,2465,1773,296,1082,587,556,1684,361,2162,1742,1187,2099,989,554,1943,799,2483,2295,1823,175,1930,162,44,600,1455,1814,1056,1868,1644,2223,1171,1251,1962,413,1538,626,1738,858,2200,2054,2154,2376,386,1477,1229,1332,176,1659,97,465,1197,1232,619,440,2006,1119,401,394,230,1647,907,2037,766,2361,779,1450,424,837,2311,1441,1955,1639,1914,137,1290,63,1720,1433,1622,67,1140,23,2010,613,463,1996,683,2392,2254,2480,1258,524,2460,2322,1324,997,723,213,2279,1500,1090,2375,141,261,2352,1503,546,1735,2351,432,1372,748,2393,2203,2191,2119,1406,1186,1185,945,2239,1443,173,1719,2177,1550,764,1243,1110,716,1514,19,1796,2267,2326,414,776,2391,1402,42,466,1844,897,1117,1558,1099,1508,1850,629,2093,467,889,1852,1547,2195,1935,1217,265,2224,2051,781,2274,685,172,1606,2038,2225,27,1655,1732,819,2133,1267,893,1472,730,2314,971,519,1740,575,1933,1264,1165,1246,1491,2017,239,434,1723,1061,2320,1268,247,845,674,807,1436,1412,584,1184,2481,1790,405,1236,2476,403,1596,1768,87,1653,251,540,37,1235,2069,1578,1794,938,820,116,883,1329,666,1425,855,2482,2085,696,711,586,2302,1549,149,2008,1688,411,211,1702,675,1253,1757,148,1548,165,297,583,706,1299,1620,183,1343,768,2122,1583,1893,71,2197,369,1215,2033,886,347,2453,609,212,1366,2283,1307,1058,459,33,1463,921,2013,420,271,1911,182,995,1989,2344,1278,2461,1043,372,1162,659,284,1517,1959,814,1089,1627,932,2408,2217,1219,647,59,374,912,294,70,599,959,1272,1638,64,978,2260,442,1617,2057,1265,2004,110,371,736,28,1590,738,1336,500,174,2362,1109,2349,909,1841]}[0m
[35m@2026-09-28 16:20:42.597186296 -> Parasing values....[0m
[35m@2026-09-28 16:20:42.597398745 -> Finished.[0m
[35m@2026-09-28 16:20:42.597413045 -> Parsed algo:bubble[0m
[35m@2026-09-28 16:20:42.597418665 -> Starting time mesurement...[0m
[35m@2026-09-28 16:20:42.724899727 -> Ended Time mesurement.[0m
[35m@2026-09-28 16:20:42.764876460 -> Sending response...[0m
[35m@2026-09-28 16:20:43.460257208 -> Recived Request:
ClientIP:127.0.0.1
Target:/sortalgo?algo=quick
Body:{"values":[15,6,20,9,14,17,10,1,16,12,5,2,18,8,4,19,11,7,3,13]}[0m
[35m@2026-09-28 16:20:43.460290968 -> Parasing values....[0m
[35m@2026-09-28 16:20:43.460308038 -> Finished.[0m
[35m@2026-09-28 16:20:43.460315068 -> Parsed algo:quick[0m
[35m@2026-09-28 16:20:43.460321328 -> Starting time mesurement...[0m
[35m@2026-09-28 16:20:43.460335248 -> Ended Time mesurement.[0m
[35m@2026-09-28 16:20:43.460350708 -> Sending response...[0m
[35m@2026-09-28 16:20:43.469297265 -> Recived Request:
ClientIP:127.0.0.1
Target:/sortalgo?algo=quick
Body:{"values":[58,6,86,26,66,81,95,63,11,45,93,7,99,1,53,43,20,51,35,22,71,42,79,24,36,31,59,72,21,75,69,46,80,90,100,14,50,17,91,62,18,2,9,3,40,55,74,67,52,19,96,82,23,15,32,92,25,33,37,70,73,44,47,10,49,30,68,76,29,64,27,48,77,61,56,41,16,13,94,65,98,97,87,8,84,12,89,88,60,4,57,38,78,5,39,28,85,34,54,83]}[0m
[35m@2026-09-28 16:20:43.469321105 -> Parasing values....[0m
[35m@2026-09-28 16:20:43.469338275 -> Finished.[0m
[35m@2026-09-28 16:20:43.469344395 -> Parsed algo:quick[0m
[35m@2026-09-28 16:20:43.469350085 -> Starting time mesurement...[0m
[35m@2026-09-28 16:20:43.469388035 -> Ended Time mesurement.[0m
[35m@2026-09-28 16:20:43.469412175 -> Sending response...[0m
[35m@2026-09-28 16:20:43.477617904 -> Recived Request:
ClientIP:127.0.0.1
Target:/sortalgo?algo=quick
Body:{"values":[260,238,97,494,109,496,73,331,281,444,374,247,84,329,1,441,236,275,433,119,224,205,383,242,269,208,159,482,256,425,487,176,263,66,274,244,344,451,280,395,231,483,251,335,386,156,257,100,414,472,297,77,420,47,91,59,343,112,35,282,422,190,289,58,419,475,106,300,180,67,303,333,140,48,89,304,162,161,64,326,191,26,384,130,302,404,373,42,33,393,155,352,409,317,460,377,295,350,445,337,16,354,493,497,22,142,92,266,38,31,101,477,459,240,255,440,479,192,204,200,219,237,81,418,113,427,169,411,18,5,196,481,458,456,312,439,90,492,82,181,495,17,467,323,407,55,314,443,380,148,400,45,438,319,182,500,24,299,410,332,178,32,253,103,484,447,93,120,228,158,412,268,227,165,252,442,279,313,30,271,121,469,139,327,381,2,291,298,379,480,10,364,68,362,423,348,85,184,473,37,243,488,70,209,394,78,413,172,54,359,56,189,128,80,218,428,76,133,246,9,334,478,108,399,320,499,167,248,151,88,132,168,342,75,4,122,382,57,107,365,315,79,134,215,213,385,259,254,462,387,136,127,141,226,307,485,11,220,222,310,498,437,187,446,186,436,212,163,276,406,347,369,468,46,125,449,245,241,83,288,95,60,198,154,40,285,272,431,216,328,87,398,416,351,124,144,138,338,20,371,171,366,311,235,486,50,491,7,309,12,293,448,229,336,341,316,378,489,43,28,345,262,217,14,126,197,401,99,49,392,69,470,278,203,490,305,177,330,65,466,135,166,206,214,391,415,137,239,202,471,51,454,146,465,61,19,183,321,149,476,360,102,152,457,250,390,63,396,435,270,355,111,353,118,375,207,397,370,174,173,388,325,261,8,34,349,249,402,234,322,474,232,143,104,147,233,15,170,74,306,98,363,434,361,230,463,358,114,340,71,372,453,3,424,131,21,357,25,117,153,286,430,408,284,210,389,221,324,432,185,157,308,145,72,464,356,264,452,405,27,175,179,6,290,223,211,115,194,44,160,368,339,403,105,277,201,450,193,283,195,150,258,29,461,265,188,13,129,421,294,52,318,96,296,273,94,23,292,36,116,429,41,86,376,426,455,346,53,367,62,267,110,123,164,417,287,199,301,39,225]}[0m
[35m@2026-09-28 16:20:43.477648924 -> Parasing values....[0m
[35m@2026-09-28 16:20:43.477692754 -> Finished.[0m
[35m@2026-09-28 16:20:43.477699364 -> Parsed algo:quick[0m
[35m@2026-09-28 16:20:43.477705454 -> Starting time mesurement...[0m
[35m@2026-09-28 16:20:43.477954093 -> Ended Time mesurement.[0m
[35m@2026-09-28 16:20:43.478075773 -> Sending response...[0m
[35m@2026-09-28 16:20:43.515757955 -> Recived Request:
ClientIP:127.0.0.1
Target:/sortalgo?algo=quick
Body:{"values":[261,2102,1995,2174,1120,556,2284,2368,2431,394,935,2334,1066,1158,741,1214,1262,1616,417,2391,1689,410,2288,2222,1936,654,1270,1591,1614,2374,1402,1294,2178,1079,1861,1002,2430,1227,1504,870,1763,527,2259,1503,1959,1786,1155,1755,1498,2160,785,467,62,639,428,2335,622,1595,1803,35,618,582,324,406,2438,1821,919,1828,1129,1843,1005,2422,664,144,1494,1049,131,2486,86,2444,2122,1688,1563,1217,1514,345,552,229,1057,290,897,2181,721,191,1837,2246,1856,142,275,1564,1225,1306,340,655,1605,1530,2320,460,1320,1372,1244,2457,2118,273,995,2027,2290,757,2473,1695,211,1875,1072,2373,673,1900,507,352,9,961,2162,2494,166,1973,2489,1575,2115,1213,1660,878,1823,1849,1108,838,801,913,2140,353,989,2001,1098,2170,1387,727,1735,708,915,574,339,1310,1477,652,1634,923,1472,1943,853,950,2208,1056,1987,1980,1243,1501,685,1850,597,795,866,1666,235,1392,107,881,2080,1266,1770,475,1442,1835,2386,2433,1095,2126,319,1765,658,2187,66,1235,1884,202,2262,2402,550,1445,1706,28,2287,2349,572,1417,2184,1659,421,1045,2011,1097,2120,1011,52,671,720,1683,2336,2286,1569,2380,2198,2029,344,1026,1658,2432,1302,1844,2019,1249,2061,543,192,1286,1825,567,64,1281,1038,253,341,1664,879,2051,1237,76,2002,1907,847,418,72,1541,1323,265,1205,1041,370,1156,434,1580,714,900,342,57,1409,2172,2327,1429,1583,2008,204,944,228,233,1102,1039,1651,283,327,697,2195,330,1271,67,269,1737,297,1644,1407,29,486,1215,230,2240,2168,932,1465,1034,2483,2087,2442,2009,1839,85,694,513,957,2074,151,723,1817,630,648,544,2109,110,722,2226,143,2339,2190,1167,2469,827,2034,1673,1222,1201,831,2338,2265,2064,1822,365,2426,1730,598,2325,1578,19,2113,1718,1596,997,1922,2394,1298,657,88,2105,1232,274,464,1194,1502,1493,2015,2248,681,1499,823,2281,775,2417,1568,2311,548,2016,645,2021,1287,553,248,1517,1713,2285,214,1223,2425,1239,416,1860,252,2092,2396,1914,1218,632,457,1305,2000,740,504,1393,444,478,1495,1933,1319,789,489,1343,1180,2033,332,1852,570,314,690,1812,1895,1382,1171,2256,1373,922,771,1758,1752,2307,1967,633,2153,1617,1265,2460,589,1328,179,1425,974,1458,313,1527,502,137,1929,1444,220,500,2189,1112,2350,1474,349,969,1126,1236,1471,203,2383,36,2333,2476,1691,96,783,1793,1123,979,1071,925,1618,760,1992,1709,684,2424,1100,357,2406,558,503,868,752,1433,451,1015,1742,1670,1740,1870,1469,1012,996,162,2142,583,1405,436,257,781,1061,1845,51,1834,506,696,2071,571,943,198,2204,1457,1188,1874,1751,1963,98,1200,710,2149,2055,2201,1463,744,1729,651,910,1512,2445,846,2318,1565,1361,1657,1574,1400,187,937,539,1268,867,1855,1192,2185,2239,692,1189,998,1554,1238,447,1376,387,2319,493,540,2104,2085,511,2107,759,928,1904,668,1811,1301,405,1947,1144,2167,1734,1958,1624,2395,515,2242,271,2306,859,590,2257,637,627,1421,292,1209,2042,2111,156,2063,1381,1160,833,282,601,8,1044,1309,1726,2337,918,517,1606,138,78,809,2196,924,485,1859,311,1893,1149,854,1084,1585,1964,896,2403,1997,2186,1767,1500,1993,1131,518,264,566,1529,1652,2005,1104,1367,906,1887,743,1254,109,1196,2012,665,223,442,636,2221,1570,1438,1152,1482,2434,2048,1649,2143,1544,2047,6,1272,1795,1030,1292,65,1806,642,1864,1483,750,1720,1643,262,2468,713,1797,82,146,963,770,2220,2018,338,1386,703,949,1408,701,328,1525,561,2480,80,901,1304,63,1623,2269,2135,1334,1279,753,1717,1738,2427,1277,1966,407,1553,101,136,573,1739,2014,808,1269,1838,1052,575,952,1210,1055,981,1485,821,1128,988,201,2446,894,388,1190,734,1885,832,2280,2415,818,810,873,1070,840,2471,1846,908,761,591,479,1603,1798,2330,1221,2481,482,2253,1629,1338,1546,2040,904,2384,1176,942,778,167,38,1876,2125,1484,2263,1177,1216,245,882,1641,718,358,2216,1917,1354,966,892,1014,2345,1357,1089,347,2117,2131,679,126,170,1135,1516,2385,58,1781,2083,1385,669,2456,2096,2268,2031,1572,411,2230,2344,964,22,1891,59,907,325,841,1953,278,611,1013,927,676,37,130,452,675,2084,691,1021,2197,465,1989,336,2180,190,1092,634,2429,1178,286,53,902,1383,2428,531,2332,2490,1148,1910,635,1674,168,1094,284,456,1946,1413,159,647,2497,1053,174,124,240,1867,33,2351,498,276,1491,816,1368,555,445,1926,1820,962,1339,363,541,2298,224,872,521,1140,1430,346,453,288,1698,1944,148,1297,1930,1329,2176,1612,281,1535,207,1300,56,983,331,1064,2328,2342,876,1388,1109,1423,1138,1697,1588,2060,1505,1371,1427,1186,1807,2062,1810,547,1384,2277,1927,1191,1808,2461,707,497,2355,183,2163,1151,1058,2441,427,1345,2017,1348,815,4,806,437,54,1091,2470,1475,501,640,1638,845,2492,1336,1147,1610,1031,305,524,468,1648,2081,1981,1727,1668,2266,1182,105,163,1258,1327,1459,1994,119,895,982,1252,383,1669,615,343,1077,661,1208,2315,1960,17,945,1284,1677,181,1561,594,1241,1988,1513,2041,1295,2020,1374,469,1899,364,990,578,47,1145,450,984,628,1467,106,2175,215,1650,1365,959,1124,1360,2388,931,2227,1257,121,1437,120,1888,1394,2418,2006,91,549,768,700,2114,1464,2045,1136,2498,730,118,1311,379,1043,1779,1675,2082,1587,484,391,1983,2052,1082,1143,972,1597,968,1879,150,176,1655,875,1054,659,858,216,667,424,1556,688,83,1918,237,588,2448,266,335,811,993,1446,1366,7,244,1990,1048,758,2030,27,1497,1443,60,650,1350,1532,678,1488,834,2322,306,458,2341,315,1150,247,767,1539,377,1017,1637,1481,221,392,674,829,97,520,41,360,1773,1363,1460,929,431,2100,1473,399,1518,1772,1480,2293,1909,1440,1506,310,2485,1020,1212,856,2209,888,102,1134,2238,1679,1424,2452,1972,473,398,2215,941,2095,2250,239,1146,1599,1435,2128,614,880,1566,1161,55,745,1977,2144,755,600,99,533,1285,765,1931,1107,404,2177,1470,355,577,695,1872,241,1377,1710,2035,193,1777,2352,225,1117,1700,1766,2416,1690,1510,595,2090,1771,2389,702,413,372,1642,2173,1060,1042,623,967,2161,2297,459,751,84,2229,747,1924,1611,1576,599,133,1633,1411,73,1745,711,1577,1757,39,2205,1289,2108,1609,608,389,1317,1886,1406,108,2375,958,1326,2206,402,375,709,2158,1897,1536,510,802,2491,1708,2038,2278,1115,1456,2443,2228,2437,75,735,2179,1916,587,1925,1965,1157,1976,1330,2155,1760,1938,2013,470,1919,1903,516,145,291,1732,1078,1653,960,1259,606,1945,157,1321,813,1453,2059,2086,1037,2022,185,1816,2188,2134,2231,568,1851,1640,1814,2150,1125,1949,2235,2439,586,93,2098,1370,584,1418,303,1540,1619,1749,1073,1067,2225,779,769,1685,649,350,1892,255,2357,725,1403,1486,188,1743,822,2213,1645,1696,111,373,1776,1519,1401,1179,660,885,2283,1531,178,1162,2447,378,514,425,1080,2094,2075,2370,197,2279,619,828,1951,153,899,441,293,1714,625,443,393,1448,926,883,2037,1028,1548,605,2124,2054,1833,1267,2289,2050,1185,1639,368,1721,1868,1076,2419,672,2300,1103,508,545,180,2343,2323,2214,2304,1790,2068,893,980,2493,2369,68,5,2191,670,1521,173,1607,1684,1549,206,773,1264,414,1921,2276,295,1736,2097,934,522,617,790,2495,742,1187,593,1831,1791,189,2313,212,250,329,1632,2401,1882,1399,323,384,936,487,1528,1794,2272,613,1378,462,512,1526,317,376,2294,565,726,1703,1656,602,837,1122,1420,803,799,1551,1337,704,1935,45,152,1007,1224,973,1801,1672,562,525,2363,2366,1707,361,791,1211,1426,238,1006,978,200,724,2301,492,620,2459,971,308,877,1307,864,1711,1567,1379,103,1508,177,537,2466,653,764,1970,71,1051,2164,1628,1245,1942,1027,1883,1975,2387,302,1303,160,294,2065,1274,496,1263,2254,172,1479,25,1796,1985,947,2007,296,446,114,1631,139,1590,1260,1676,917,219,663,1335,2409,2023,92,1804,1230,395,2296,2260,862,2397,1719,1589,2237,609,1687,1415,1600,1941,2130,1086,298,564,69,1581,321,1450,337,494,1090,2232,2249,1625,2233,2072,70,1602,1313,1923,15,1702,1956,26,526,1586,2137,1275,2251,851,1356,263,754,48,30,1560,1173,104,939,1635,2365,940,1163,1101,1759,440,49,1099,246,1022,1802,1761,2203,1559,2299,2123,2032,227,1934,1352,1010,1004,1341,631,1699,1962,1733,1681,523,557,481,385,483,1340,2309,2305,2258,1787,1404,1492,2106,782,699,1509,429,844,2103,1325,560,1813,1663,2058,1769,2329,1932,2474,1206,1461,738,814,1824,1347,2400,1712,128,112,1898,999,316,1552,1195,1522,849,2091,777,843,2392,1389,2358,1410,1792,1847,44,1283,1324,826,2312,1142,794,1557,1008,1132,1065,1,1046,1159,1096,61,2156,579,134,905,2421,356,362,698,326,2407,1784,1579,415,1961,2364,992,2093,2099,975,719,1342,158,2348,117,194,116,491,2404,509,1228,1940,1705,2194,43,312,1866,1788,210,1276,277,860,2218,1449,1722,739,1613,161,1193,1127,2271,1978,2275,2303,2408,249,1088,1986,2252,46,2070,2219,1890,2462,403,1447,1971,488,793,1680,1667,874,2127,1920,480,1029,1799,1105,439,381,1111,113,1487,706,1316,1164,535,1047,1582,2138,2340,1894,948,1282,1390,951,953,914,2073,1881,289,1800,259,454,1805,1431,1524,426,217,2264,1621,824,1647,1665,762,89,2171,129,2261,1832,1818,1280,438,2132,819,737,2273,689,1315,135,1396,208,231,2139,863,1226,2465,1950,2381,612,359,1261,2244,2199,705,42,830,2451,1723,1523,1533,1468,1184,2243,1250,1293,2378,1154,466,1902,519,1489,1362,2192,2025,2089,542,2321,2291,848,610,213,1476,369,1952,1380,380,1247,169,256,307,2361,2116,1312,641,433,1165,20,733,1062,1783,2475,2482,1133,1520,490,559,1601,164,461,1059,10,420,1395,209,884,686,1912,911,1416,2274,1622,2479,125,272,1369,2224,1220,2377,2182,279,2039,87,1166,1035,95,1412,1782,2245,2413,807,2326,1545,1636,717,1750,1592,728,34,693,736,2440,749,232,1731,1809,304,1819,1915,1724,835,1255,1040,2282,100,175,2053,309,1291,763,1853,1662,1290,839,1693,1455,528,2356,865,2467,1778,800,2136,1785,861,2458,2367,1229,2372,2477,1878,1555,2478,1452,2499,435,2308,1982,1349,563,2046,898,1322,1169,677,1233,1741,1113,1764,2166,1063,2449,1219,2488,1355,1701,2241,1130,955,2129,787,1594,374,820,382,890,857,226,946,1441,1558,2414,1996,205,1024,2324,842,1428,1314,1716,1999,2069,1397,351,680,855,581,1969,1654,2423,81,1593,301,2141,716,766,1954,1534,184,986,2393,1016,448,798,1351,2157,1358,2152,1815,788,1848,529,1826,147,474,1836,2236,2112,871,2405,199,471,432,430,2147,243,536,386,1775,784,2314,621,1075,1153,2066,299,2360,2010,1511,1116,2193,2435,1979,780,976,2398,267,154,1118,1032,1789,1248,1827,1748,1466,1896,1661,2382,1686,546,1974,712,2169,171,1547,2496,463,1550,412,2003,2390,804,2183,254,1436,836,1865,2376,1019,1199,1069,1880,74,1137,333,1197,318,2353,786,1873,732,643,1562,1598,965,115,2121,2234,1889,449,50,18,1857,1911,1025,1253,1627,40,886,1419,1174,970,954,268,1451,1033,991,580,472,2331,1175,683,300,1615,756,1682,1170,218,576,141,12,1231,2211,2410,371,1375,604,2399,196,646,1728,1858,132,2302,1984,1604,666,551,234,1991,77,2436,1251,596,920,23,956,419,2101,1296,1584,348,422,94,2110,1085,499,817,1968,186,1841,1246,985,1908,366,638,2026,258,607,1928,1620,280,1754,1869,797,455,390,2317,1141,1630,1256,2453,236,616,1050,1036,715,2151,1106,1537,687,1538,1694,1278,400,1093,1906,90,805,2455,2165,2379,1198,987,2036,1478,2371,2292,2223,1119,629,1840,1434,149,2270,2207,1110,1114,2420,1913,2057,852,1454,2024,2316,2411,1863,408,2362,1203,2484,1333,662,1756,774,585,903,122,921,2200,1854,79,2217,1172,1762,1725,476,1168,1955,909,251,155,24,1308,320,1359,644,1081,1422,1862,1391,776,2454,1414,1957,2212,2255,2354,2310,1871,1462,260,2078,123,21,1877,912,1905,1774,626,2210,2088,1332,1344,2412,2049,1087,2043,505,1496,792,1543,396,285,1083,1744,891,994,1937,933,16,1704,2148,1439,2202,2154,530,1181,746,1626,1829,1068,1353,2159,2247,1939,270,1542,1753,977,1432,1331,1121,140,1646,1318,1746,1608,2076,1003,287,127,1747,812,1842,850,1207,1507,14,409,1273,1768,495,2472,2487,2267,2004,869,165,1901,397,2077,3,2346,1234,182,1692,2133,772,2463,930,569,1364,32,1671,1202,322,195,748,1139,1490,1001,592,2145,1240,1830,1204,2079,2359,1346,1299,1998,2067,916,534,11,1573,889,1515,1018,1571,2146,1398,1948,2450,731,242,729,1000,1009,682,624,2056,222,603,887,401,354,796,367,1074,2295,938,1678,2347,334,477,1242,538,31,2464,2119,2044,656,554,532,1023,13,2028,825,423,1780,1183,2,1288,1715]}[0m
[35m@2026-09-28 16:20:43.515864354 -> Parasing values....[0m
[35m@2026-09-28 16:20:43.516017334 -> Finished.[0m
[35m@2026-09-28 16:20:43.516023674 -> Parsed algo:quick[0m
[35m@2026-09-28 16:20:43.516028734 -> Starting time mesurement...[0m
[35m@2026-09-28 16:20:43.517622888 -> Ended Time mesurement.[0m
[35m@2026-09-28 16:20:43.518275655 -> Sending response...[0m
[35m@2026-09-28 16:20:43.536985147 -> Recived Request:
ClientIP:127.0.0.1
Target:/sortalgo?algo=merge
Body:{"values":[10,15,3,4,14,11,18,19,17,5,9,2,1,7,6,13,12,20,16,8]}[0m
[35m@2026-09-28 16:20:43.537010917 -> Parasing values....[0m
[35m@2026-09-28 16:20:43.537023257 -> Finished.[0m
[35m@2026-09-28 16:20:43.537028487 -> Parsed algo:merge[0m
[35m@2026-09-28 16:20:43.537032757 -> Starting time mesurement...[0m
[35m@2026-09-28 16:20:43.537063877 -> Ended Time mesurement.[0m
[35m@2026-09-28 16:20:43.537089146 -> Sending response...[0m
[35m@2026-09-28 16:20:43.554196024 -> Recived Request:
ClientIP:127.0.0.1
Target:/sortalgo?algo=merge
Body:{"values":[468,464,433,371,309,405,161,140,465,93,476,471,25,438,87,206,409,1,485,266,352,437,417,195,430,22,422,393,20,271,341,3,29,280,446,456,245,367,251,489,44,264,75,426,260,204,442,392,160,91,32,242,100,255,477,45,9,152,431,268,282,49,498,247,12,189,452,408,493,377,112,458,190,373,278,402,73,4,453,57,155,262,294,399,351,66,42,199,444,211,470,385,90,338,365,267,222,332,272,284,412,76,220,150,26,403,54,460,94,254,126,215,24,455,296,249,138,285,200,41,496,346,106,317,134,375,72,440,238,287,10,169,129,339,164,38,366,171,35,88,83,324,7,31,401,494,214,98,117,449,127,165,40,286,348,395,233,466,143,305,128,499,2,394,210,50,443,311,250,353,19,203,369,378,11,48,447,186,147,279,386,302,225,379,132,116,350,364,481,329,71,419,166,304,243,270,188,467,374,415,349,104,202,252,178,99,18,223,380,114,298,293,77,396,345,218,30,236,78,258,47,168,463,356,194,368,59,23,67,435,239,347,383,65,331,148,454,275,497,124,410,163,382,491,216,321,387,420,427,36,318,290,205,445,51,432,359,400,342,119,111,273,277,13,226,80,478,301,451,344,197,217,153,39,482,295,457,289,384,21,130,316,5,354,253,167,123,6,209,337,328,413,92,113,475,115,122,461,330,86,96,320,372,192,490,418,137,224,492,15,257,334,63,297,181,135,89,187,107,381,108,154,306,390,421,407,34,219,109,474,265,480,462,174,69,340,310,495,241,487,97,313,434,283,125,472,145,459,325,288,159,358,397,244,439,398,101,118,299,428,425,312,158,139,196,232,333,362,323,274,162,8,429,414,441,291,261,319,256,479,82,276,141,231,207,314,355,263,201,142,191,483,228,55,235,177,185,52,173,237,488,336,84,131,183,43,62,180,303,46,198,172,327,391,411,146,416,360,230,102,423,376,227,370,105,175,85,74,484,68,28,500,103,176,363,424,248,307,81,37,234,315,212,58,469,269,121,64,156,151,322,486,357,335,157,120,229,70,136,300,193,27,436,388,53,184,213,450,170,17,208,448,16,326,246,292,281,14,133,56,61,79,149,60,240,361,33,259,343,95,221,473,110,404,308,144,182,389,179,406]}[0m
[35m@2026-09-28 16:20:43.554231453 -> Parasing values....[0m
[35m@2026-09-28 16:20:43.554285233 -> Finished.[0m
[35m@2026-09-28 16:20:43.554293183 -> Parsed algo:merge[0m
[35m@2026-09-28 16:20:43.554300363 -> Starting time mesurement...[0m
[35m@2026-09-28 16:20:43.554989191 -> Ended Time mesurement.[0m
[35m@2026-09-28 16:20:43.555404759 -> Sending response...[0m
[35m@2026-09-28 16:20:43.566834007 -> Recived Request:
ClientIP:127.0.0.1
Target:/sortalgo?algo=merge
Body:{"values":[435,301,977,195,243,611,675,320,354,88,525,281,643,904,56,895,608,882,74,871,751,564,153,453,459,812,677,457,423,77,349,849,950,798,178,914,130,17,938,716,314,106,82,585,622,784,794,627,617,474,723,113,327,421,322,456,698,426,536,446,52,980,650,631,576,405,875,682,916,686,879,539,79,993,856,193,959,884,305,747,501,78,830,718,137,920,164,982,634,664,66,342,688,662,706,735,286,945,321,759,184,427,134,854,949,381,467,498,992,633,59,557,112,844,131,807,157,960,700,230,253,655,488,573,971,743,835,312,81,834,455,635,915,679,863,687,958,111,303,376,831,180,508,832,272,869,984,941,986,127,163,257,366,823,172,970,740,839,282,378,58,363,400,725,4,152,829,236,14,204,616,148,358,966,418,287,693,371,336,465,407,721,299,927,640,838,53,173,101,574,339,726,613,848,853,372,774,494,852,745,660,84,262,20,64,443,729,428,836,464,208,175,928,476,458,588,998,581,717,517,165,151,493,898,139,368,118,343,211,905,728,628,939,670,135,274,107,806,765,809,847,306,267,369,246,641,116,626,86,430,36,909,881,571,997,219,642,681,370,260,760,746,100,273,297,791,115,329,526,804,883,893,507,483,610,702,654,237,685,801,192,672,822,445,776,290,68,149,444,504,951,333,957,15,161,311,783,19,69,567,788,338,412,268,921,231,441,990,395,108,940,225,546,177,150,538,885,123,89,140,947,344,639,894,820,114,899,334,221,752,2,666,554,266,842,612,560,761,350,701,8,254,422,40,479,1000,976,141,534,647,480,227,758,216,85,323,283,57,985,734,357,736,988,174,888,599,500,797,522,425,159,818,605,119,596,25,896,413,952,602,143,461,772,961,906,87,625,353,589,419,132,705,864,497,9,90,75,355,891,486,263,206,614,651,708,335,707,188,16,862,47,683,755,777,558,742,995,196,473,911,531,828,607,563,373,484,46,360,298,962,712,632,359,238,313,331,594,30,929,532,732,296,996,850,485,63,843,942,367,228,392,943,21,264,197,136,244,540,999,328,375,250,247,598,528,767,851,619,383,162,232,903,142,99,330,307,213,592,171,967,187,808,234,859,544,345,7,934,431,529,65,644,975,481,45,624,390,956,748,385,520,814,182,756,656,275,618,857,562,737,565,437,475,388,239,802,450,198,316,31,937,207,397,638,840,600,805,930,310,449,521,754,691,6,348,55,70,873,386,48,870,577,876,222,646,347,609,793,337,623,678,663,183,692,780,394,524,265,125,214,233,401,669,308,448,26,424,43,168,727,779,463,129,855,487,80,590,352,95,103,302,568,711,963,460,364,242,730,931,96,674,786,782,124,924,201,258,365,229,825,872,542,176,676,5,491,902,821,878,770,768,167,477,974,981,291,569,35,271,217,170,533,549,703,537,763,803,110,506,739,235,541,402,276,910,434,527,680,73,673,499,912,27,92,586,753,315,917,615,415,472,518,964,259,186,121,762,591,724,62,495,72,341,288,29,749,552,604,890,983,278,160,845,621,158,933,671,566,965,194,319,731,191,102,210,722,408,555,284,841,128,13,652,606,771,764,200,968,215,256,936,979,535,695,438,482,846,361,781,416,389,442,205,766,790,60,317,817,648,887,451,837,877,318,166,440,145,926,241,714,11,399,104,199,953,741,738,913,773,513,38,71,411,44,471,351,98,523,923,868,420,212,653,18,245,146,659,630,251,919,689,865,466,584,511,580,32,382,789,248,380,543,61,816,454,3,409,587,667,377,404,922,37,684,326,439,469,489,799,570,827,280,578,629,696,406,224,105,289,860,324,901,787,972,819,49,713,824,356,240,261,496,710,156,867,304,83,833,270,292,249,50,907,91,530,492,269,595,750,597,23,384,252,813,133,39,478,697,97,668,897,880,775,989,690,795,720,769,452,955,636,858,645,583,874,277,325,575,918,502,144,861,220,293,661,223,285,509,340,403,649,699,932,694,811,432,169,826,593,120,218,33,203,42,548,393,572,202,76,12,226,925,109,155,255,51,122,362,512,41,414,553,994,22,954,346,410,973,900,886,398,579,396,94,946,550,309,792,978,733,719,561,505,54,582,462,657,417,179,470,556,181,987,503,620,514,547,969,93,665,138,279,379,559,209,147,433,908,866,387,892,154,658,436,704,1,117,778,374,295,785,757,948,516,429,545,603,810,510,332,515,300,34,889,709,551,185,601,637,796,24,67,391,447,800,935,10,28,190,715,490,519,294,189,744,815,468,126,944,991]}[0m
[35m@2026-09-28 16:20:43.566869527 -> Parasing values....[0m
[35m@2026-09-28 16:20:43.566934537 -> Finished.[0m
[35m@2026-09-28 16:20:43.566940927 -> Parsed algo:merge[0m
[35m@2026-09-28 16:20:43.566946577 -> Starting time mesurement...[0m
[35m@2026-09-28 16:20:43.568226812 -> Ended Time mesurement.[0m
[35m@2026-09-28 16:20:43.569035309 -> Sending response...[0m
[35m@2026-09-28 16:20:43.585113140 -> Recived Request:
ClientIP:127.0.0.1
Target:/sortalgo?algo=merge
Body:{"values":[1977,760,80,817,189,713,179,348,758,1571,236,1820,79,1088,1667,498,978,616,12,1626,1016,1892,1061,1244,304,3,761,437,663,248,1182,993,826,1993,143,1994,1801,1679,105,192,441,999,1613,1830,920,722,869,1048,1432,85,491,1268,650,394,1630,390,1627,402,1332,1983,996,870,327,41,1958,1658,670,1072,917,187,1762,1515,186,1375,668,865,911,774,1141,573,1568,1289,966,1003,259,490,621,813,1392,688,50,1001,5,391,301,913,1056,1710,1501,182,912,30,923,49,1481,1361,128,819,585,643,1025,212,1278,1009,202,373,485,1582,765,1173,1262,1490,1198,743,1632,1803,1037,1089,271,1699,1583,1520,1108,1697,1410,1389,1622,449,17,430,1527,451,767,213,788,1702,29,1970,495,292,1511,1433,234,764,1495,1973,1325,1169,1312,1851,908,1065,741,1035,1147,597,55,998,875,95,750,1793,1772,1058,443,418,344,690,1657,820,752,378,1399,1265,555,194,68,1855,444,575,372,1217,1012,1298,1184,413,797,1551,1347,165,218,1730,1461,239,200,1230,1631,595,1145,837,1800,1858,416,1917,1732,981,757,906,1953,286,829,1091,1716,1214,1015,1274,1388,1531,1675,1400,979,1804,577,1882,519,580,1717,1927,1283,1393,1064,161,707,1329,254,320,780,1319,1751,1096,1795,1473,1423,1409,1530,1574,953,1296,1813,1200,1889,1224,1625,1852,1482,432,626,736,1760,447,548,196,824,1090,848,48,582,454,1943,988,1415,614,574,545,1915,995,1588,108,927,389,114,1974,1297,1094,91,1309,291,1923,374,1761,1766,1687,1497,537,552,753,1148,1176,1020,1204,71,983,1512,542,915,921,510,956,1452,61,680,1352,1010,1565,1532,1706,197,1179,823,170,1280,1266,466,1542,16,1659,1555,730,838,132,859,26,1728,516,1047,638,1975,1618,282,706,589,982,1093,1344,219,1203,31,1704,681,724,1931,802,1850,1024,799,1022,556,326,1791,353,673,719,790,479,1394,505,1941,283,1066,149,1366,1326,1969,954,937,1921,478,183,1824,1323,641,856,98,1166,133,1441,1187,882,94,1604,841,1514,962,840,323,1013,1454,1341,509,554,1313,992,1634,1429,630,507,1242,588,1343,1385,1726,164,926,1467,710,646,252,1871,1901,867,1135,525,191,1185,1810,1293,631,793,266,383,637,916,1201,1595,1083,1902,20,835,1759,1933,232,990,497,986,269,1419,849,881,1063,262,745,1648,1540,1733,1724,1831,319,1590,1952,524,1322,1755,428,1612,1328,1067,919,648,684,980,907,1885,1743,273,972,715,1809,532,947,1431,712,10,975,1308,562,1097,553,1529,258,625,1577,1357,63,1370,664,223,1405,1939,42,1386,1082,1205,4,488,1227,1240,1561,129,433,1292,1255,59,1914,1226,1437,1189,1062,278,316,1031,544,914,600,1783,1557,1598,1156,1112,694,315,135,886,162,349,155,1611,632,110,1253,1390,1105,188,1729,1335,1368,476,1926,830,1191,440,853,403,1250,1180,141,563,1794,1324,1267,1317,75,384,655,414,1580,1592,1373,1525,1537,487,1774,1098,382,728,931,1617,1260,749,874,1163,1651,1836,1006,104,38,1068,109,1374,1714,502,268,1619,1874,1387,868,1050,1711,224,539,930,1585,1841,1713,1904,619,1027,732,334,1303,1764,180,1049,943,1753,1442,1232,1779,1896,1087,1930,526,546,1483,1964,405,1077,1866,480,1817,564,1489,1103,290,773,227,1740,1377,64,658,1113,686,43,1492,984,1786,1752,1320,386,22,1192,74,550,1776,1231,1516,190,1186,379,1870,244,6,1735,293,534,1114,1014,14,1381,66,1680,1207,140,233,864,935,892,1684,1264,1126,1935,500,345,272,1099,388,1688,1924,251,744,408,1682,375,468,1788,253,810,1849,1004,1960,1987,1042,777,878,489,73,963,1263,309,1380,366,1408,1336,1235,341,1247,1134,172,445,1768,1816,1223,1589,313,27,1018,228,1584,902,1562,1650,1962,385,175,1839,238,693,1178,193,682,1968,692,1959,1496,527,924,76,676,944,1086,422,1693,34,742,1421,1689,1382,1848,8,469,1367,438,1857,536,37,415,792,968,1165,1549,1281,1055,231,81,528,1818,1990,184,1285,934,843,1258,1104,1741,1300,215,1470,1826,997,1799,1499,1654,280,852,1427,33,1468,1672,35,82,1715,807,769,1840,1829,1505,946,806,60,410,1539,174,1869,714,1739,1212,1635,185,1757,401,796,549,850,586,901,77,142,1775,1402,1660,1160,312,1411,1346,1372,337,1643,325,1102,1477,264,1806,1677,287,1534,297,1021,1522,1272,1246,1656,222,1668,1536,1945,703,263,839,1507,137,446,1291,450,811,961,851,957,465,256,1678,342,347,1023,493,691,818,329,1989,421,1304,613,1876,1445,1435,359,561,1946,1190,1701,751,46,243,70,1503,587,1910,1720,599,195,1032,181,880,96,392,1142,1127,928,1587,199,1544,590,335,230,1865,822,328,154,153,1853,24,1129,1572,1821,1594,343,1365,1219,1418,771,642,1107,1478,1546,285,1130,1518,86,1785,177,747,1570,583,464,1315,1560,277,1822,426,1881,1044,1581,971,452,1545,1456,511,815,1506,1929,1017,214,307,1951,1846,572,794,87,1397,1909,1708,257,1463,791,1251,1459,113,1218,399,918,1041,1146,1919,370,204,409,635,1599,1661,1213,1167,1725,800,1261,1181,1908,1196,1137,134,899,738,1686,801,1237,1337,1030,1843,1073,387,740,40,569,1195,567,474,1814,932,288,1040,1920,1206,1440,1895,1744,871,459,1787,148,560,398,1487,1807,551,365,1528,229,1899,1338,1248,659,138,622,1119,1210,557,311,1966,1823,1122,731,1647,825,1905,1286,726,1256,1694,1364,1628,1950,949,1517,473,1106,1550,1301,1681,1879,697,976,1269,461,1646,294,1138,1474,1591,1453,517,1046,397,593,130,888,58,540,721,1355,1903,1051,163,746,420,508,893,1981,624,1547,1351,1642,1636,1311,1918,1541,32,958,1700,1057,1222,1862,54,636,1863,669,1159,776,1455,28,884,436,1554,1691,578,1353,261,1961,1314,1209,1696,860,1460,1877,1624,1398,1773,1769,656,803,1448,812,1777,496,1029,1450,1942,296,356,1971,1723,156,857,1161,247,303,1416,1059,1438,601,1868,645,1615,1078,994,442,725,1639,1494,19,65,1827,1472,1339,404,866,1833,136,176,1290,617,1721,759,364,515,1872,1607,533,1614,171,784,486,299,102,1493,1936,1673,623,530,644,1937,1745,1749,1170,144,1690,579,651,1502,1000,889,887,1519,425,1637,1802,1965,649,1124,1602,1358,1742,1569,709,1685,1011,457,689,103,1991,1524,723,235,381,1498,1548,107,1139,756,667,547,1510,610,123,787,1645,1707,1605,985,842,1835,541,120,1912,1949,568,1944,57,652,1239,1414,565,1403,1771,529,941,1116,1485,737,435,592,482,7,1369,1683,854,1508,494,1284,276,13,936,720,1911,99,1825,1321,1036,1259,331,1216,861,117,1060,352,1466,11,470,512,696,178,1241,1149,279,1638,634,458,116,434,1446,503,795,739,1765,1543,1996,284,898,225,1600,160,1476,1069,816,1750,598,1430,1080,472,1376,885,910,1979,362,363,876,786,1671,948,1932,531,1856,147,295,938,1798,1383,905,151,1746,1384,1556,56,804,1719,704,832,1737,1860,1150,221,240,1884,1123,872,467,1844,1578,890,1928,1350,1916,718,1641,1573,702,809,789,879,620,762,115,72,781,679,281,1986,1898,1085,305,21,1808,1349,1963,584,903,1712,448,1999,1579,768,1371,1331,1597,1500,1462,119,1302,456,361,1934,951,1360,406,265,1610,1796,716,1491,203,1652,39,1567,1606,1832,754,1464,1354,967,338,922,1847,855,1033,1238,308,1488,15,1655,1864,1070,1629,1558,521,1886,783,1811,1837,1812,97,1616,1177,1465,1183,242,1834,1484,226,974,1695,220,506,602,51,245,1306,1158,1563,1151,1593,1955,1513,763,1299,1249,1601,455,1236,929,1956,1469,863,339,152,1092,499,1982,1838,833,1878,883,1770,1475,977,846,628,862,1819,1407,1118,695,333,640,576,1193,665,987,847,124,1828,9,1109,1988,475,778,831,460,1275,1202,208,246,805,1566,1412,727,895,1007,1538,90,1288,1722,47,1128,708,1168,1095,1552,1117,1893,1559,1155,411,1439,1175,1778,1426,596,1738,1425,933,1705,1295,1197,1071,945,1449,1978,618,1436,1101,1034,88,1401,1676,1081,1229,699,1670,1922,336,1199,1008,1891,1480,683,808,674,1457,896,1925,1854,1318,1451,942,514,608,1703,1623,559,1243,1115,2000,396,330,1649,1348,959,1938,1444,423,106,940,1132,775,1564,970,1906,201,317,1663,1907,566,127,615,1586,1674,1053,36,1575,1998,157,118,1509,407,1140,1257,1859,393,1727,1576,1873,1254,1233,661,1215,1880,1797,1252,217,83,145,260,1792,1709,1279,298,237,1287,100,1110,1270,380,1756,612,965,504,717,734,322,1379,1316,705,1747,952,1718,1162,666,1019,1333,45,858,1995,1972,1815,900,1553,1948,909,1171,1153,310,306,1404,657,1875,300,698,1417,925,1052,400,1211,729,168,2,1754,1504,417,371,318,1434,581,429,1005,1790,211,973,146,1888,206,101,481,395,798,969,412,834,368,991,314,1079,607,1225,358,173,1621,321,735,604,1748,1208,1666,1980,1194,427,873,1,477,1359,1782,350,821,1479,571,126,782,939,122,209,570,520,1144,1698,1533,270,1220,733,1763,216,1734,1992,355,1121,1603,1327,439,814,424,827,1154,1310,1887,1883,92,150,52,250,53,558,594,23,354,1758,1045,633,93,1662,1940,897,1428,1984,419,1305,844,1947,112,198,501,89,1596,1845,139,289,1043,611,1784,431,169,1640,1356,1633,111,462,605,125,275,766,675,1842,1523,538,1967,1172,1133,369,1026,1363,964,1900,950,1620,1535,340,660,274,1330,1228,1157,1075,360,671,1736,1867,891,535,1653,453,484,84,1084,639,748,1273,1976,647,1221,1406,1861,1521,1422,1957,18,543,69,1282,629,249,836,166,62,376,1152,1188,377,1396,25,1954,1669,845,1458,1471,1174,1136,267,1038,1307,1378,700,302,1609,1443,1271,522,357,1345,523,1111,1294,1731,210,1277,711,894,346,463,1039,1100,1362,1486,960,755,367,1644,1997,606,1334,241,591,1395,1789,1780,1692,1076,685,770,1985,1002,955,1054,1913,492,1342,205,158,67,627,1245,1028,662,483,1413,609,1164,324,255,207,828,772,131,678,513,1420,1340,471,1781,1664,779,1120,785,653,1074,1894,1125,1276,518,1447,332,877,1890,121,1897,1131,159,654,1767,1391,1608,989,1143,1526,1665,672,167,677,78,1234,1805,351,44,904,687,1424,603,701]}[0m
[35m@2026-09-28 16:20:43.585174160 -> Parasing values....[0m
[35m@2026-09-28 16:20:43.585301169 -> Finished.[0m
[35m@2026-09-28 16:20:43.585308229 -> Parsed algo:merge[0m
[35m@2026-09-28 16:20:43.585314049 -> Starting time mesurement...[0m
[35m@2026-09-28 16:20:43.587632001 -> Ended Time mesurement.[0m
[35m@2026-09-28 16:20:43.589405264 -> Sending response...[0m
[35m@2026-09-28 16:20:43.665000907 -> Recived Request:
ClientIP:127.0.0.1
Target:/sortalgo?algo=counting
Body:{"values":[7,71,44,2,55,16,68,92,19,35,29,37,39,32,75,87,41,60,9,18,58,52,50,40,11,81,98,100,95,4,89,99,8,74,57,97,65,38,46,45,20,56,22,79,51,90,26,42,48,33,83,72,25,14,3,10,28,67,27,59,36,23,34,54,53,94,17,30,5,93,24,82,78,85,70,1,86,13,49,61,84,6,15,66,91,31,73,63,77,80,69,43,62,96,21,76,12,47,64,88]}[0m
[35m@2026-09-28 16:20:43.665024987 -> Parasing values....[0m
[35m@2026-09-28 16:20:43.665042897 -> Finished.[0m
[35m@2026-09-28 16:20:43.665048997 -> Parsed algo:counting[0m
[35m@2026-09-28 16:20:43.665054847 -> Starting time mesurement...[0m
[35m@2026-09-28 16:20:43.665060857 -> Ended Time mesurement.[0m
[35m@2026-09-28 16:20:43.665072797 -> Sending response...[0m
[35m@2026-09-28 16:20:43.681590836 -> Recived Request:
ClientIP:127.0.0.1
Target:/sortalgo?algo=counting
Body:{"values":[173,909,736,248,590,95,294,351,297,339,758,692,475,679,489,174,57,738,355,383,197,571,447,663,688,107,101,667,570,69,108,361,715,717,59,265,256,850,960,840,278,522,999,281,981,75,178,45,724,472,182,957,944,734,656,614,306,915,99,865,833,329,474,952,243,829,163,528,660,353,192,70,179,363,792,468,421,54,782,412,271,828,584,711,531,799,533,419,286,298,104,373,993,395,977,545,50,784,777,874,557,89,592,93,940,115,947,526,236,923,244,814,558,579,486,221,855,455,432,217,350,776,620,710,774,289,81,277,377,988,301,718,914,951,290,480,497,716,336,102,515,564,549,13,577,446,438,149,140,141,727,496,539,321,875,925,882,384,20,975,978,615,633,120,927,730,596,96,194,439,391,838,668,311,645,599,778,103,467,441,506,672,434,980,856,681,60,201,78,33,134,387,757,495,812,322,610,991,632,313,331,946,968,976,880,490,237,569,613,359,671,138,935,906,378,507,808,809,422,974,712,924,27,972,463,225,25,471,839,510,793,706,612,202,109,773,433,720,106,223,491,800,188,825,869,955,973,246,280,913,852,996,267,637,171,586,787,56,609,643,926,175,425,958,72,91,732,37,932,498,193,601,407,635,137,779,640,768,390,551,807,920,902,982,212,505,918,694,272,473,170,442,431,868,555,449,304,111,307,402,689,228,789,241,481,208,916,154,414,930,575,992,229,428,864,180,252,396,819,937,97,417,622,990,162,765,530,858,184,953,393,135,677,693,129,126,484,222,966,183,842,567,485,230,735,740,748,751,112,400,454,624,598,426,452,61,956,943,703,634,837,379,410,594,934,146,52,830,638,90,511,436,251,553,214,604,388,841,701,989,470,860,872,518,199,811,270,657,631,889,871,621,664,458,919,312,205,105,341,158,398,427,501,605,900,824,760,226,537,853,469,983,254,938,259,891,445,628,224,326,5,674,17,797,279,453,10,155,994,76,424,678,520,186,309,113,783,581,752,23,723,330,418,949,437,766,786,216,220,815,35,859,1,931,488,364,18,619,617,576,554,161,731,666,49,649,836,834,747,987,399,600,123,300,877,368,408,574,325,893,879,556,827,713,673,536,719,641,606,207,709,683,392,420,503,156,725,380,394,534,357,150,263,19,870,803,524,337,690,285,691,587,802,492,903,65,941,176,100,661,219,493,582,268,697,895,133,984,583,478,26,30,451,127,389,644,892,401,704,210,540,652,7,250,464,94,349,922,905,675,303,462,519,284,177,169,544,450,3,79,457,639,593,130,744,291,165,846,969,514,821,276,413,698,986,404,866,936,883,886,80,818,147,962,763,58,508,38,299,372,397,785,122,292,647,29,517,504,588,899,440,572,344,116,32,22,648,509,512,933,295,166,143,269,954,685,12,354,985,39,44,597,708,687,529,939,253,907,722,245,535,352,152,682,754,669,894,790,630,347,805,876,185,578,293,36,476,4,429,340,1000,591,34,897,64,324,411,543,209,153,662,262,227,794,273,862,327,11,121,14,87,333,40,443,83,851,308,733,187,74,546,873,843,921,523,832,767,204,561,552,151,929,788,849,881,232,525,218,370,43,696,338,403,580,513,296,963,602,684,659,157,964,274,650,346,965,749,196,316,770,315,532,275,750,791,323,771,51,714,31,335,448,128,950,62,831,238,487,211,568,847,764,566,195,636,415,483,769,266,191,654,242,16,665,560,565,55,910,707,366,343,255,494,142,970,826,813,240,409,804,456,348,998,775,781,235,702,374,264,817,53,159,213,945,822,901,585,406,342,167,745,737,780,444,603,521,360,67,382,305,854,200,616,136,885,680,48,618,798,145,42,623,287,878,756,912,118,314,28,477,563,898,234,465,908,562,559,73,642,863,356,302,573,608,71,371,144,651,646,190,119,948,460,761,625,806,810,538,430,86,63,319,405,629,203,721,318,189,68,820,762,705,114,967,132,124,283,595,215,164,884,310,942,816,527,160,796,181,607,979,759,700,125,15,887,755,848,542,47,835,46,168,961,867,139,21,746,131,24,516,911,917,258,92,479,365,904,375,728,423,611,416,110,753,88,260,971,959,317,466,367,9,334,461,386,2,739,320,82,206,627,795,358,655,41,997,239,231,695,332,148,345,502,369,172,482,743,742,8,288,844,233,381,66,547,198,589,670,548,772,861,282,550,658,928,249,729,801,435,845,686,653,77,741,385,376,857,459,84,823,626,888,676,257,362,896,85,995,98,117,261,328,890,726,499,699,6,247,500,541]}[0m
[35m@2026-09-28 16:20:43.681638646 -> Parasing values....[0m
[35m@2026-09-28 16:20:43.681704285 -> Finished.[0m
[35m@2026-09-28 16:20:43.681711615 -> Parsed algo:counting[0m
[35m@2026-09-28 16:20:43.681717325 -> Starting time mesurement...[0m
[35m@2026-09-28 16:20:43.681725835 -> Ended Time mesurement.[0m
[35m@2026-09-28 16:20:43.681753165 -> Sending response...[0m
[35m@2026-09-28 16:20:43.711373717 -> Recived Request:
ClientIP:127.0.0.1
Target:/sortalgo?algo=cycle
Body:{"values":[3,4,16,10,18,20,15,12,14,19,2,5,11,6,7,13,8,1,17,9]}[0m
[35m@2026-09-28 16:20:43.711392947 -> Parasing values....[0m
[35m@2026-09-28 16:20:43.711403117 -> Finished.[0m
[35m@2026-09-28 16:20:43.711409007 -> Parsed algo:cycle[0m
[35m@2026-09-28 16:20:43.711414607 -> Starting time mesurement...[0m
[35m@2026-09-28 16:20:43.711422917 -> Ended Time mesurement.[0m
[35m@2026-09-28 16:20:43.711432497 -> Sending response...[0m
[35m@2026-09-28 16:20:43.746454278 -> Recived Request:
ClientIP:127.0.0.1
Target:/sortalgo?algo=cycle
Body:{"values":[1040,1202,1454,1727,57,1788,515,784,929,1697,1185,1345,3,1559,184,1441,1096,267,1498,365,1789,830,1999,476,1221,410,874,960,802,946,1423,798,1792,234,1359,306,1098,930,108,487,294,1953,822,25,398,1546,83,119,899,846,275,1477,1638,1272,1317,624,1253,1204,1700,888,1291,484,848,1158,1468,301,1305,266,129,1385,402,1150,237,428,1560,863,721,1388,1105,1271,1210,1750,181,373,1859,399,1005,799,1227,412,176,786,213,123,773,1903,1755,472,288,1207,950,1581,693,1822,1405,158,539,255,395,1956,1038,833,421,1952,763,1748,196,1973,1122,1439,1130,218,1343,801,1114,469,95,1099,757,632,502,51,998,1062,1652,1268,766,1182,61,606,1269,1320,1382,1645,1597,1686,1790,241,1142,679,1782,165,594,235,1719,491,1944,1699,1758,250,1357,1793,203,423,997,1947,973,1341,880,722,1228,1111,464,1918,1665,461,684,1982,1368,194,552,59,1504,1540,240,510,811,1457,1285,1688,1392,1240,1724,1986,1533,1576,1569,1893,609,1562,807,1679,1446,1381,1647,1565,1718,1770,685,1065,1170,5,979,1767,1543,1018,1092,350,1554,244,678,1868,1004,323,1384,991,816,707,756,1897,1452,31,541,1082,965,774,1587,441,904,584,1247,633,940,339,1332,1906,850,732,1197,769,1771,171,986,190,415,62,1494,922,1871,1316,972,104,1571,1112,902,1550,1066,281,761,169,717,657,1324,1199,838,28,153,506,1992,966,501,1867,1759,330,1631,1373,748,1784,1541,808,1362,1739,435,611,1273,1485,651,2000,1865,793,1102,1125,815,891,126,1620,580,934,418,1950,375,1239,619,1876,1352,583,295,1787,167,1224,610,1410,358,459,296,762,882,800,297,485,926,185,1399,494,975,638,1047,1348,361,1151,1577,1721,1049,1874,1680,1678,393,791,1539,443,668,1396,454,1712,1161,1717,93,312,1265,1314,1609,725,1772,952,1785,163,598,1963,655,1804,113,1097,999,355,111,1007,315,217,1507,1206,1555,1080,1437,889,396,1901,568,340,908,1278,1026,915,514,1043,150,154,982,1580,1366,813,1277,7,1327,843,642,1971,1162,220,1417,307,1841,1039,771,1729,1744,1389,1606,1110,1024,356,1245,67,876,1464,1191,450,328,206,1168,209,564,861,1403,1662,386,957,364,1241,180,1131,177,20,1213,1294,1369,620,69,507,46,1692,1057,1732,1179,1233,404,1244,430,161,1583,1914,1342,1414,1160,1923,821,444,175,186,622,1997,33,1078,1214,1842,768,1710,1531,456,1006,803,1564,744,427,332,1353,1521,847,698,440,1174,121,1229,1061,925,1409,1301,1364,1427,230,1864,1515,988,341,73,1484,346,1879,1413,289,359,1955,522,558,1137,1432,1465,1463,932,1511,345,931,1329,1714,1862,607,1255,120,727,114,1306,1600,480,1812,1154,101,1340,1193,792,1079,420,1754,1972,531,603,407,376,1139,503,648,854,1466,334,984,714,1346,1347,1338,1469,869,527,258,1563,1935,675,1802,1880,1449,118,1296,1850,1356,1919,1094,1261,567,1664,1681,517,9,529,1969,755,189,913,1994,1372,1401,1252,1743,1194,1126,1295,1178,542,115,1290,424,8,52,1670,474,1147,310,1054,1548,1781,812,1800,1029,498,1031,1640,246,1980,1529,342,182,1863,1050,1968,489,1201,574,1084,1899,835,1444,1757,1246,1325,1720,653,1672,1848,1895,259,1300,806,661,1495,1778,652,1837,1957,174,1779,215,1196,749,1395,1451,142,13,1407,1981,569,1506,875,1109,1488,1415,1658,948,1657,585,380,1234,460,26,627,775,1001,1915,716,1176,910,1987,379,699,1203,521,1223,572,242,1129,1276,200,881,907,824,1455,1715,318,1840,145,924,468,1916,1118,1544,1747,956,384,1445,826,613,873,1810,1578,1667,1962,860,160,1259,856,1226,1512,1856,18,1641,1447,1635,1089,1913,1083,107,1726,335,718,168,433,581,995,387,134,1064,963,557,133,1809,92,253,324,391,1803,1538,90,623,536,1882,590,853,1927,900,1836,1728,562,589,944,1648,1091,77,1594,482,419,1397,1828,937,1051,741,1448,1939,637,1135,894,1959,1976,1683,1958,151,1824,618,1312,1503,977,1426,1960,280,1478,1209,686,1165,47,233,1286,912,319,577,159,438,1060,1297,1768,426,629,1887,1534,1108,1243,989,277,702,135,1551,382,1925,1486,754,363,1615,40,892,1072,1055,987,1387,1416,897,173,11,1797,840,673,605,1022,1216,919,367,709,477,533,764,1519,1127,1493,139,1549,1858,1776,223,1853,923,471,1225,1303,1875,1528,1251,1966,713,1832,1181,1751,249,1499,388,540,269,132,405,1610,125,1566,1288,141,866,1222,1090,1795,596,1287,1753,1095,1904,1419,563,1676,1145,1613,968,1500,1547,985,943,710,1693,351,85,1556,683,1522,1649,1219,1644,1694,304,697,157,1101,608,316,738,298,1908,1171,1302,1027,1058,1695,19,1765,282,1905,27,1012,1200,23,1383,1476,805,1706,1358,1854,1910,994,1766,207,1675,286,1734,1422,1612,543,82,797,978,1144,745,1892,600,1586,896,537,621,1996,287,1149,1138,1337,1605,429,1628,1412,137,1106,1037,1088,400,947,155,1115,1954,278,1215,746,1677,852,425,1621,1653,383,1831,183,1573,1881,1827,147,520,983,1983,1490,1579,737,1100,559,647,394,35,1236,1990,483,446,1128,1283,1654,1821,787,1942,578,89,1891,1071,105,634,690,1146,1307,309,1998,43,1536,935,828,1646,665,730,656,6,1349,124,490,1845,597,1526,492,1155,719,1430,964,1542,1458,524,1172,71,1315,1371,254,292,630,1634,1588,1869,1900,1928,1633,1267,918,486,631,1482,649,545,60,857,1921,842,45,1470,660,381,1275,1046,264,1698,50,1660,354,1814,576,436,1984,740,1783,75,687,347,1187,314,231,962,601,406,1354,573,1561,58,1103,1173,1820,612,178,927,996,1530,743,49,1480,1143,625,1313,1627,1741,1946,127,1708,1975,377,232,1614,1183,1911,156,368,333,463,538,1575,1666,1886,1601,626,439,1157,53,1520,1595,34,261,1310,760,933,1604,1774,149,222,1304,1461,751,528,1418,94,818,1249,767,370,1009,1833,1002,1617,1379,1367,1590,1961,759,208,338,789,734,664,110,974,591,495,518,1608,1636,1336,1195,1805,1599,646,1607,961,462,1742,1319,1602,97,735,703,867,870,1230,593,144,1622,1133,1326,1630,1016,790,551,1042,1752,817,1817,1860,260,413,788,1937,1941,844,1713,1593,1938,1232,1153,24,1995,1218,1453,1467,284,1298,1474,1513,1872,715,1834,1473,466,1124,617,1535,1166,117,1731,1558,688,1898,1505,1857,1967,54,193,592,814,1922,1311,416,1655,1525,1674,728,864,505,1431,1934,724,1689,729,1760,1000,172,1141,1164,140,1930,1885,1190,322,967,765,1909,1339,1501,1866,942,905,777,556,1746,448,1393,1589,571,493,1639,1013,681,271,936,1974,1020,1912,211,1537,1429,667,1211,162,1707,38,534,1749,1254,1074,130,672,1032,1428,300,1687,970,202,1733,30,1532,666,1023,481,535,1212,453,1985,1186,48,1456,1847,1361,1870,337,645,1829,701,1120,1163,526,1355,758,615,890,674,911,1400,1917,369,858,1270,1883,1052,859,500,1553,1585,614,403,317,1402,1516,1159,1425,273,588,1843,1819,170,447,1492,868,1238,1350,954,938,1033,401,17,1940,1421,783,344,1523,1175,1888,1008,1907,752,320,371,525,256,1705,1852,39,1682,414,1237,602,283,1496,825,1582,103,1483,1132,1075,274,1323,1619,1823,832,238,903,248,1508,1517,293,1370,827,336,1557,1491,1736,841,885,265,201,641,389,290,1263,1846,1351,12,1884,327,109,969,417,1260,1651,884,1116,1878,205,1839,1087,560,79,32,1420,1003,458,1188,146,1017,276,1951,1663,1248,451,862,374,595,532,849,1471,263,210,343,519,65,1861,279,1152,1309,941,839,753,1514,785,1034,1056,228,1391,1440,700,1704,225,432,122,886,197,579,549,782,865,1574,1730,1036,473,479,1964,1019,1119,311,1134,1855,953,682,372,513,810,1673,1993,1849,1618,1156,804,663,1069,299,1979,1703,566,516,677,1769,561,96,411,750,1390,1596,1077,116,1650,187,214,475,776,779,636,1851,1894,971,392,1344,496,449,548,1205,100,1011,1510,465,272,1816,871,1773,733,1085,1293,819,1394,313,939,1333,508,694,1217,192,434,1434,42,553,650,1063,1433,36,1363,1044,1763,1328,1786,731,1189,1838,131,635,1386,1279,478,1642,654,1643,1231,44,990,909,1780,705,795,1902,1801,696,1626,1794,1696,390,303,831,895,1472,509,1481,1527,704,1806,262,1086,1025,1988,148,921,191,628,1330,530,227,1545,179,544,226,1365,1408,1167,834,616,879,887,671,1807,706,408,659,166,1,1107,366,1010,1890,102,906,1015,16,378,511,1318,224,1497,1059,329,1438,1198,1668,1177,1818,1284,348,1509,1280,1725,1796,1376,1113,1377,14,1926,1266,78,770,796,916,41,1740,1943,437,1360,955,268,1570,878,1256,1292,63,357,445,1220,81,1443,1322,945,143,1331,1929,164,1791,88,1611,570,285,252,442,823,112,353,86,1375,1067,1808,74,257,1701,1690,15,877,1406,586,691,708,70,204,711,349,1460,582,397,470,1524,55,1965,422,87,1815,1424,512,1148,1035,1257,455,1826,639,1632,1591,1671,1933,1264,321,1378,467,305,851,302,80,1502,1684,781,809,1924,1830,499,949,98,1624,1977,1070,1308,1723,1777,1811,1813,1825,550,1436,1459,959,251,152,247,1989,136,599,1949,1669,523,658,547,64,385,270,1931,1462,216,829,199,920,772,695,10,1121,1978,1398,1184,1735,1475,198,662,1873,1799,1948,188,1028,245,1014,128,670,893,587,980,1945,992,1716,243,644,555,1896,1117,1936,1289,1568,91,736,546,1104,431,1250,1335,1262,497,604,993,640,855,1991,1661,2,452,212,457,1380,1932,1274,1068,928,1518,794,1411,680,331,362,1844,951,1258,976,84,1625,1552,239,504,1584,1235,1487,1282,1081,820,1123,692,1737,712,1479,1709,739,1764,1404,1572,1435,981,1374,1598,1877,845,726,1048,195,1835,1629,1045,1756,1761,1711,898,1093,219,360,1076,4,488,409,99,565,1136,1334,917,1722,1021,747,1920,308,221,1798,106,1775,72,1738,1192,1041,1321,643,883,1489,778,1745,723,689,575,1180,1073,554,1450,22,1592,901,742,1623,1889,1299,1762,1637,68,872,836,676,21,1140,958,56,29,229,76,837,1242,1208,1169,1691,325,1567,669,1603,236,780,326,1970,720,1281,1702,1656,1030,1659,1685,352,37,1442,291,138,1053,66,914,1616]}[0m
[35m@2026-09-28 16:20:43.746512918 -> Parasing values....[0m
[35m@2026-09-28 16:20:43.746616257 -> Finished.[0m
[35m@2026-09-28 16:20:43.746623077 -> Parsed algo:cycle[0m
[35m@2026-09-28 16:20:43.746628397 -> Starting time mesurement...[0m
[35m@2026-09-28 16:20:43.747162495 -> Ended Time mesurement.[0m
[35m@2026-09-28 16:20:43.747305145 -> Sending response...[0m
[35m@2026-09-28 16:20:43.757929276 -> Recived Request:
ClientIP:127.0.0.1
Target:/sortalgo?algo=cycle
Body:{"values":[1377,55,2269,2181,2376,773,2398,603,1549,1667,1839,1510,798,1532,216,367,1601,1208,2094,30,1793,2158,92,283,1718,90,1787,1191,2478,451,150,1785,878,393,2056,1861,444,754,386,176,2257,1724,904,1246,12,340,1972,218,669,2266,1692,69,2284,1267,1827,747,1462,450,947,1980,1082,2149,2125,400,2283,1805,2422,1402,351,208,119,228,2428,2444,1459,54,2449,2067,317,766,534,1482,1424,1036,2194,2164,75,1872,626,993,961,1626,880,1812,269,1835,814,1469,2415,2279,303,934,1646,995,1080,1085,550,1447,547,733,2490,1473,1386,2206,867,1576,779,271,1798,194,397,1621,1299,2225,1090,1336,942,1114,2368,2367,82,1699,2072,1847,1713,2088,2048,591,1365,936,2230,634,1006,430,64,1780,2052,234,2361,2108,405,330,2247,457,866,394,2222,298,402,1116,715,1061,1168,285,390,1492,2236,2076,2165,197,1241,1551,2387,977,2101,1944,882,1210,1907,676,1244,2271,170,902,240,2328,2070,1606,155,690,333,672,1716,1124,2059,1630,774,22,1712,1433,1186,737,476,1530,97,2187,482,2324,692,2110,151,1992,1614,246,919,727,611,357,829,638,756,1951,1774,991,452,851,925,2332,1585,1960,1535,742,1328,1358,1443,1376,1395,460,2089,1720,1119,48,1154,2430,1525,1400,2061,43,2250,1662,1657,812,307,906,1426,959,2305,266,2459,2443,385,339,2286,1207,1840,700,2180,1179,2309,429,2455,1763,1804,2208,325,2461,1579,1680,1332,406,614,2339,2285,1629,2315,992,2202,830,2407,1493,1828,2106,1677,2440,950,80,1777,1899,2013,1927,13,1017,287,723,786,2371,651,2429,1108,67,63,206,929,1995,1947,50,757,2199,593,1726,374,910,2413,1728,994,1403,1467,2365,1547,1174,45,1045,911,2421,2030,820,443,2161,2086,589,1526,1298,1341,1305,1565,2214,1917,2064,62,53,1859,1837,2060,1288,1355,2358,1919,1356,1661,382,1004,1072,2424,1957,39,1463,135,1164,1223,1393,215,938,1242,2153,200,826,2234,1851,969,1521,2363,368,970,763,2217,1505,784,916,1589,729,1888,678,2154,414,658,1428,1843,1833,1172,420,378,1107,2157,923,179,677,2014,1270,1149,2054,1346,630,622,688,975,2464,946,1498,1946,1137,2139,20,184,1590,780,744,735,674,667,1425,822,1195,1514,1091,818,1583,2312,2420,1612,1075,2296,713,1007,2297,852,1762,1550,107,574,512,556,594,1170,1229,1605,1976,1640,522,943,139,1513,224,1084,928,1097,1738,1800,133,33,58,790,2289,2446,685,2069,475,245,856,1098,546,1038,1540,683,1278,1457,2163,1747,1163,2188,1705,1322,2005,734,521,1562,1180,1361,1700,2053,1287,1032,1043,1584,433,1317,1814,304,1269,432,1144,1204,2456,924,1954,461,353,1465,1886,536,2081,584,15,1864,229,1591,914,1067,407,1001,277,2184,2156,1767,66,113,294,602,2211,254,313,639,1845,106,532,693,2355,251,2265,520,558,1366,1359,2408,1704,705,562,706,1034,1554,1695,2321,2412,165,901,256,641,1682,280,293,1319,823,767,1404,711,580,363,2027,1581,2007,592,1313,1453,1823,1604,1522,886,1398,1826,2122,2051,1370,2300,103,438,1303,2241,448,1701,1478,1372,1243,2077,392,1922,2272,1975,1653,1023,1177,1127,1619,2142,1884,1042,314,845,2035,2186,83,2135,951,624,2055,427,704,2435,1529,1544,795,1566,1069,376,758,1810,2470,1092,596,2232,1016,110,175,1795,587,1790,1598,369,459,2437,1345,802,1904,1952,1022,1074,2274,1379,1049,598,2329,1534,148,10,613,2023,657,31,2105,447,1891,1309,68,1644,1434,456,109,2226,2009,2458,2038,2499,2178,1205,2138,605,127,1569,259,281,2345,383,1751,847,1152,2079,2198,1506,1262,2330,2450,2191,1789,1676,2433,537,636,1025,1784,1371,1326,1593,2171,2472,1893,1235,181,1815,1706,2177,1635,523,185,2109,889,749,2403,291,1915,1464,740,416,418,2476,1715,873,308,776,2411,644,541,2012,1788,2392,497,721,877,1500,2147,726,1773,703,1491,41,1247,2336,1637,718,597,79,2366,800,236,2104,1863,1831,2442,1577,937,5,1850,1984,426,1439,134,1050,720,2155,1035,1560,1928,2341,533,1245,1166,701,424,192,2116,1686,627,962,875,1321,1384,1994,210,2380,1155,1671,1906,753,472,2238,2318,1460,595,442,2386,1508,57,1983,160,2306,2000,1742,2436,1237,161,1997,1970,1123,1198,555,618,380,2002,1102,272,1666,1727,960,2243,1120,890,1740,347,542,6,1106,129,1263,1306,511,896,2494,2003,507,1824,1450,1201,489,1325,1113,996,840,1392,49,1283,922,2359,423,1949,1159,741,1580,220,1594,684,1842,16,46,2295,842,1375,625,1572,19,1215,1834,1250,1496,2120,1118,1703,2282,483,1698,578,859,1414,1132,70,810,268,1369,2354,230,244,1691,47,743,905,2117,1586,1743,1559,504,850,2237,976,2463,862,1802,529,1501,629,1989,1429,1323,173,1852,1916,1175,1014,957,989,1012,1252,1822,2185,1965,2481,755,2085,326,1181,654,2131,28,2427,1171,1719,535,470,1557,100,250,876,1213,663,821,312,571,1394,29,948,2040,1524,1031,1760,190,1354,2402,1435,1597,95,696,1507,2487,500,111,2401,679,2137,1073,888,2258,469,202,2246,2404,765,908,257,1755,2270,601,1461,411,2251,967,2123,1633,561,465,1996,1231,238,664,1448,419,1388,1838,349,2159,848,1093,327,1134,2032,1516,1415,152,2204,2113,944,1627,182,1761,702,1249,221,2045,473,965,2410,2391,722,2111,1914,1142,1769,1274,2016,1071,940,2082,2218,154,1161,543,305,984,1255,222,1602,1188,128,1194,1819,1484,1259,1094,971,881,575,2114,163,288,2319,1909,1296,1486,1756,1089,1382,289,2207,1126,1167,2313,2350,1750,528,309,412,379,2423,338,2015,588,40,1856,2140,2397,930,665,572,332,689,833,1436,2467,1130,247,1897,223,2471,2394,1561,428,985,401,645,346,2075,306,1603,42,2347,1702,88,1611,1058,2253,2356,1495,2496,162,807,474,2097,1821,1145,2050,855,1474,2264,145,2219,2260,121,1406,2173,640,2337,653,350,2203,728,232,356,569,2310,409,999,360,226,1518,260,1786,854,1063,643,1329,1024,894,1112,1047,126,146,1160,1541,1352,2162,231,590,1615,2244,1033,2419,874,563,149,1347,941,1511,1019,751,1570,909,1187,1737,1607,1655,1933,2491,320,329,1374,183,918,37,2235,1735,652,2049,1736,1330,1064,621,1958,2322,997,1711,316,354,1367,454,485,519,956,954,1284,2033,2385,607,1131,675,1782,2011,2042,827,1139,1,164,1902,1696,1883,1880,1218,1272,539,1867,1849,1297,78,1772,1609,315,805,2083,375,445,1121,2268,1391,698,1558,2129,441,897,249,2453,1730,1709,141,748,480,2145,2292,1214,2190,1184,348,1230,1301,1141,1708,478,1624,1759,1903,2098,762,608,1458,1654,1095,1178,2047,398,1411,2201,2,599,1494,1622,2223,1276,2314,631,1295,1029,2029,94,1660,276,502,1987,2299,117,1396,1794,1973,1333,1397,1920,1911,553,505,191,1892,495,1279,681,1308,769,650,716,492,1961,172,2369,1334,1350,2176,1874,1791,1362,2112,1968,93,131,1825,579,1431,759,1475,1504,490,2497,935,1966,1978,518,1578,1955,1454,199,864,775,263,1485,2333,1758,1803,2034,1337,477,235,1423,2281,787,900,319,538,233,828,655,724,1717,2353,796,2195,1357,318,1253,404,887,1779,708,211,2316,1563,159,1923,503,1412,331,1219,1026,2486,1169,1196,1587,1985,1011,2325,846,1290,1942,345,1157,355,336,1556,1258,2175,2001,2439,2483,808,1783,417,860,2031,147,2388,8,1729,498,352,1302,2323,237,1817,1502,384,463,836,1623,819,1813,403,1387,760,1986,1013,2160,825,36,1689,514,136,1408,193,227,85,1953,1133,1101,2426,410,1999,785,2046,2275,892,1924,1600,2406,1770,270,1193,243,3,768,2041,81,1913,566,920,712,1877,1054,2262,98,71,174,1349,2084,2301,493,2298,1307,2454,1896,731,793,1294,2150,648,1430,373,1939,366,516,811,670,399,857,1088,1638,1009,122,2414,297,1320,2019,2020,2073,745,792,1405,1256,1956,44,9,2425,2396,120,1211,1746,408,2278,2457,2474,296,838,2302,2100,849,262,1941,913,1935,115,637,1005,2343,1732,1115,187,2451,1311,2287,2058,865,1364,324,137,1668,1948,1468,963,1417,1220,524,2146,1438,1617,1281,1537,1670,2080,1420,361,2221,710,803,1203,2434,2065,292,1342,282,1865,34,661,1236,2200,1224,2256,1225,1517,2351,124,1264,1741,23,939,582,1853,2493,396,1151,1900,1573,2133,322,1998,1314,510,1674,2448,1324,76,673,586,2039,666,1542,198,583,804,2144,2193,1669,116,2004,1832,843,1778,895,1881,171,1672,462,2124,458,1432,219,2373,104,310,60,1452,2466,2326,2342,207,132,1571,508,365,2036,1343,453,1731,2405,647,1176,635,1930,2488,2307,1409,1931,955,1470,549,2172,2063,1552,789,14,1862,2025,1446,1929,189,2475,2288,858,17,620,1527,1841,2360,730,225,717,2495,1582,2022,449,2099,1548,2006,437,264,2317,1684,1641,1836,1416,1599,1734,205,1105,2136,1285,1419,2196,1487,2074,544,1444,869,559,2267,112,499,1445,834,1128,2128,2390,1040,813,1536,2215,530,1936,1945,1310,750,1685,1381,1990,2418,633,783,2438,1744,540,1251,1413,1162,1254,1041,491,157,1480,517,1959,619,2383,1316,548,844,7,912,1086,186,1077,1292,1937,1871,660,907,1390,2254,2192,1816,1664,1632,746,1003,974,1449,1044,89,279,1875,388,1538,1327,1008,105,1373,494,1293,2416,1757,577,203,487,777,1104,699,1876,988,927,413,987,1628,2280,253,1912,1427,1512,1895,1477,1574,615,1156,1723,2245,791,1078,958,998,2445,2233,1338,1266,861,1232,1885,1639,1476,278,1280,389,2179,1046,609,694,343,1021,51,761,1240,2183,2485,1811,1801,2228,359,496,2107,1165,671,1988,61,2362,209,1962,1991,1136,1110,180,2141,91,2409,1066,167,831,1331,2167,1315,2248,552,96,1183,1592,1768,1882,274,140,2240,2335,2273,1353,1694,239,1739,371,1234,709,1129,302,1523,1182,2071,1721,1221,425,2468,1748,824,21,395,1158,2431,1070,2252,372,166,2143,1857,1143,979,835,295,1190,1351,2384,506,2152,898,972,1854,2239,2462,1829,2382,659,1055,501,1399,1471,1595,1100,321,604,248,1908,1675,479,300,1407,1312,1111,2377,2127,680,788,1869,1197,1087,1286,337,286,290,2261,2291,2093,59,1781,885,1065,952,1368,515,1520,125,252,2400,77,1271,2395,1820,2327,778,1378,799,2044,832,2479,1649,1678,1643,1015,564,265,1441,1185,217,732,1233,1809,2259,2352,1613,99,434,610,2432,1866,662,4,2370,2346,1981,1683,1879,1277,707,1659,2119,2249,1216,567,1688,1380,1140,284,114,156,1056,509,617,195,1199,1830,2492,74,1030,2469,2304,2130,2320,945,1383,1889,2293,1018,1925,872,576,1099,632,646,915,1340,1442,358,1792,335,488,1818,2134,1079,2017,2008,1385,1028,1212,143,1057,1943,933,863,1765,1938,464,642,570,328,899,1401,695,204,986,513,1509,917,1873,2170,2121,1807,201,214,391,1636,781,2344,439,1257,2169,2043,687,1977,2375,527,431,1679,377,177,1616,370,2096,612,1950,990,2378,1217,73,2311,714,1969,87,1697,2102,1974,1456,2399,1531,1753,600,557,1052,1754,1039,1539,931,1147,2168,178,1291,1610,581,341,1010,65,794,2209,668,2348,466,2303,467,35,2018,101,1451,1076,1189,435,26,56,2389,1206,893,242,883,138,686,2189,2372,2118,697,1122,982,108,1239,782,736,2482,2276,1647,1068,1318,1673,1125,1546,981,1967,1273,1964,926,2294,1000,1707,1588,1681,1020,2197,1335,1348,2364,1048,816,1714,1596,2115,2095,1926,1982,837,1360,153,1363,2166,2340,1304,1894,1608,770,2290,123,11,1226,964,213,1910,1545,1806,344,573,1200,436,1971,2477,2224,1710,2338,1497,1268,1490,2393,2357,2028,2465,2484,130,2498,868,2087,2021,1631,1775,84,1051,1690,1905,1722,2091,1940,1117,2231,1934,486,1060,1103,2255,1663,275,2308,2212,2460,27,1528,682,158,2210,1481,1488,72,1771,102,484,32,1037,1868,25,2381,422,554,531,1797,1499,1618,1901,2441,903,1138,921,1275,870,299,1855,2473,2277,1634,1344,1543,1846,973,560,1418,1472,1733,2334,1192,2090,2374,1651,188,649,526,2151,691,169,311,1693,1135,1745,1898,1890,1209,1648,656,949,342,2331,86,1437,1289,809,2010,2229,1483,18,2062,1222,1227,168,1440,1096,1260,1238,983,334,421,932,2447,38,2092,884,323,871,719,1489,2227,2078,772,1153,2126,1466,568,1059,1625,1248,2263,1555,545,24,1515,1150,1844,797,1848,1503,2132,1148,1858,616,968,2216,815,261,1455,1479,771,2026,2068,1575,2452,1652,1422,980,144,1799,585,839,1658,1650,764,1776,1656,1173,2205,1764,817,471,2242,52,1993,301,1752,1533,1410,364,468,565,118,2024,806,1878,1228,1568,2220,1887,2417,841,853,1860,1389,1921,2037,440,1979,1265,1932,1027,1564,606,1567,2103,891,1083,255,1339,1725,362,142,381,1519,525,273,212,738,953,966,1808,2174,725,387,1918,1796,1109,1062,1002,446,628,801,1749,1261,481,1553,2489,623,879,241,267,415,196,1642,2182,739,1282,1766,1146,2213,1081,752,1645,1300,258,1687,455,1870,2148,1620,978,1053,1665,2480,1963,2057,1421,2379,1202,2066,2349,551]}[0m
[35m@2026-09-28 16:20:43.757988556 -> Parasing values....[0m
[35m@2026-09-28 16:20:43.758135125 -> Finished.[0m
[35m@2026-09-28 16:20:43.758142585 -> Parsed algo:cycle[0m
[35m@2026-09-28 16:20:43.758147015 -> Starting time mesurement...[0m
[35m@2026-09-28 16:20:43.758910422 -> Ended Time mesurement.[0m
[35m@2026-09-28 16:20:43.759048372 -> Sending response...[0m
